% TransWORHP-Result
% 3.398673e+03
      0.000000e+00      2.469045e+03     -9.913407e+02      2.874557e+00      0.000000e+00      0.000000e+00      0.000000e+00      0.000000e+00      0.000000e+00      0.000000e+00      0.000000e+00      0.000000e+00
      1.961550e-03      2.449749e+03     -9.860791e+02      2.874252e+00      3.000000e+00      5.862664e-03     -9.147578e-05      2.021405e-01      6.109882e-01      9.746333e-03      3.808676e-02      3.368743e-03
      3.923100e-03      2.430438e+03     -9.808758e+02      2.872750e+00      3.000000e+00      2.353447e-02     -3.593432e-04      4.122869e-01      6.392505e-01      1.407281e-02      2.495718e-02      5.109929e-03
      5.884650e-03      2.411100e+03     -9.757651e+02      2.869058e+00      3.000000e+00      5.032763e-02     -7.481529e-04      5.405430e-01      6.696109e-01      1.539792e-02      1.351965e-02      3.998213e-03
      7.846200e-03      2.391735e+03     -9.707433e+02      2.862628e+00      3.000000e+00      8.174590e-02     -1.180874e-03      5.976720e-01      6.920002e-01      1.553451e-02      3.619058e-03      2.718571e-03
      9.807750e-03      2.372351e+03     -9.657754e+02      2.853323e+00      3.000000e+00      1.147506e-01     -1.610628e-03      6.100000e-01      7.075137e-01      1.555953e-02      7.932742e-05      1.935476e-03
      1.176930e-02      2.352957e+03     -9.608111e+02      2.841229e+00      3.000000e+00      1.477897e-01     -2.017559e-03      6.100000e-01      7.224770e-01      1.560304e-02     -7.932742e-05      2.553528e-03
      1.373085e-02      2.333565e+03     -9.557945e+02      2.826528e+00      3.000000e+00      1.799334e-01     -2.392570e-03      5.951855e-01      7.353347e-01      1.574139e-02     -4.365008e-03      1.303779e-03
      1.569240e-02      2.314190e+03     -9.506662e+02      2.809499e+00      3.000000e+00      2.095964e-01     -2.716197e-03      5.472781e-01      7.399951e-01      1.640909e-02     -1.000723e-02      9.432042e-05
      1.765395e-02      2.294850e+03     -9.453619e+02      2.790586e+00      3.000000e+00      2.344463e-01     -2.957730e-03      4.652454e-01      7.355333e-01      1.784434e-02     -1.460256e-02     -1.432846e-03
      1.961550e-02      2.275567e+03     -9.398136e+02      2.770435e+00      3.000000e+00      2.521589e-01     -3.087642e-03      3.564717e-01      7.237849e-01      2.004061e-02     -1.802957e-02     -2.091677e-03
      2.157705e-02      2.256368e+03     -9.339562e+02      2.749852e+00      3.000000e+00      2.610382e-01     -3.087137e-03      2.290717e-01      7.078920e-01      2.280604e-02     -2.019043e-02     -2.676181e-03
      2.353860e-02      2.237282e+03     -9.277345e+02      2.729718e+00      3.000000e+00      2.603826e-01     -2.953274e-03      9.159975e-02      6.912610e-01      2.579605e-02     -2.105115e-02     -2.313137e-03
      2.550015e-02      2.218336e+03     -9.211102e+02      2.710877e+00      3.000000e+00      2.505411e-01     -2.698997e-03     -4.740381e-02      6.771930e-01      2.866310e-02     -2.064992e-02     -1.907261e-03
      2.746170e-02      2.199550e+03     -9.140656e+02      2.694052e+00      3.000000e+00      2.326817e-01     -2.348477e-03     -1.798441e-01      6.675330e-01      3.109717e-02     -1.908217e-02     -9.907375e-04
      2.942325e-02      2.180937e+03     -9.066037e+02      2.679788e+00      3.000000e+00      2.084295e-01     -1.930591e-03     -2.983892e-01      6.627717e-01      3.290935e-02     -1.648137e-02     -4.376597e-04
      3.138480e-02      2.162501e+03     -8.987457e+02      2.668441e+00      3.000000e+00      1.795174e-01     -1.473583e-03     -3.966786e-01      6.616136e-01      3.403701e-02     -1.300543e-02      9.024318e-05
      3.334635e-02      2.144235e+03     -8.905271e+02      2.660190e+00      3.000000e+00      1.475392e-01     -1.001861e-03     -4.694449e-01      6.620707e-01      3.455617e-02     -8.824480e-03      4.688628e-05
      3.530790e-02      2.126127e+03     -8.819927e+02      2.655067e+00      3.000000e+00      1.138635e-01     -5.350191e-04     -5.125568e-01      6.616803e-01      3.466891e-02     -4.109078e-03     -1.640268e-04
      3.726945e-02      2.108155e+03     -8.731932e+02      2.652986e+00      3.000000e+00      7.969991e-02     -8.916462e-05     -5.230344e-01      6.587808e-01      3.467845e-02      9.658048e-04     -7.058006e-04
      3.923100e-02      2.090295e+03     -8.641830e+02      2.653756e+00      3.000000e+00      4.628457e-02      3.200258e-04     -4.991659e-01      6.523917e-01      3.494406e-02      6.194722e-03     -1.210931e-03
      4.119255e-02      2.072517e+03     -8.550188e+02      2.657067e+00      3.000000e+00      1.512582e-02      6.734663e-04     -4.408356e-01      6.429090e-01      3.581378e-02      1.130439e-02     -1.633896e-03
      4.315410e-02      2.054789e+03     -8.457606e+02      2.662466e+00      3.000000e+00     -1.181928e-02      9.462765e-04     -3.500955e-01      6.314255e-01      3.752479e-02      1.591763e-02     -1.811136e-03
      4.511565e-02      2.037076e+03     -8.364704e+02      2.669328e+00      3.000000e+00     -3.239131e-02      1.112170e-03     -2.319556e-01      6.202079e-01      4.008223e-02      1.952435e-02     -1.554142e-03
      4.707720e-02      2.019348e+03     -8.272099e+02      2.676877e+00      3.000000e+00     -4.482034e-02      1.152576e-03     -9.530640e-02      6.119095e-01      4.316125e-02      2.147041e-02     -9.353767e-04
      4.903875e-02      2.001574e+03     -8.180348e+02      2.684267e+00      3.000000e+00     -4.826979e-02      1.064298e-03      4.614163e-02      6.091897e-01      4.609127e-02      2.096400e-02      1.194316e-04
      5.100030e-02      1.983735e+03     -8.089876e+02      2.690695e+00      3.000000e+00     -4.320786e-02      8.641338e-04      1.729541e-01      6.122302e-01      4.804025e-02      1.707974e-02      7.927136e-04
      5.296185e-02      1.965821e+03     -8.000912e+02      2.695540e+00      3.000000e+00     -3.155288e-02      5.895875e-04      2.589690e-01      6.174323e-01      4.855165e-02      8.724722e-03      7.679128e-04
      5.492340e-02      1.947834e+03     -7.913444e+02      2.698502e+00      3.000000e+00     -1.679151e-02      2.989857e-04      2.697090e-01      6.173142e-01      4.875782e-02     -5.502713e-03     -8.033517e-04
      5.688495e-02      1.929791e+03     -7.827168e+02      2.699762e+00      3.000000e+00     -4.564398e-03      7.881507e-05      1.596424e-01      6.075942e-01      5.383557e-02     -2.751726e-02     -2.112624e-03
      5.884650e-02      1.911717e+03     -7.741535e+02      2.700024e+00      3.000000e+00      0.000000e+00      0.000000e+00      0.000000e+00      6.024202e-01      5.660540e-02     -2.037546e-02      5.603999e-04
      6.031876e-02      1.900407e+03     -7.745296e+02      2.687087e+00      3.034305e+00     -2.609352e-02      4.099366e-04     -6.100000e-01      1.281888e+00      1.010471e-01     -9.518241e-03      9.376085e-02
      6.179102e-02      1.886694e+03     -7.675621e+02      2.691304e+00      3.112713e+00     -8.290315e-02      1.275522e-03     -6.100000e-01      1.423988e+00      1.083370e-01      9.518238e-03     -3.696348e-02
      6.326328e-02      1.872733e+03     -7.602781e+02      2.699567e+00      3.177472e+00     -1.358872e-01      2.027056e-03     -6.100000e-01      1.131827e+00      1.406650e-01     -9.518235e-03     -7.981344e-02
      6.473555e-02      1.858599e+03     -7.528334e+02      2.710878e+00      3.200000e+00     -1.733526e-01      2.494254e-03     -6.100000e-01      8.234651e-01      1.505602e-01      9.518232e-03     -4.343919e-02
      6.620781e-02      1.844392e+03     -7.453884e+02      2.724145e+00      3.200000e+00     -2.021866e-01      2.808261e-03     -6.099996e-01      7.597494e-01      1.526297e-01     -9.518068e-03      1.797193e-02
      6.768007e-02      1.830138e+03     -7.380126e+02      2.738944e+00      3.200000e+00     -2.303972e-01      3.106904e-03     -6.100000e-01      8.539938e-01      1.550244e-01      9.517905e-03      1.969769e-02
      6.915233e-02      1.815830e+03     -7.307335e+02      2.755174e+00      3.198169e+00     -2.572288e-01      3.380356e-03     -6.099997e-01      7.536652e-01      1.733708e-01     -9.517777e-03     -5.979917e-02
      7.062459e-02      1.801500e+03     -7.236048e+02      2.772559e+00      3.176634e+00     -2.786719e-01      3.568405e-03     -6.100000e-01      4.035154e-01      2.059731e-01      9.517650e-03     -8.015614e-02
      7.209686e-02      1.787232e+03     -7.166975e+02      2.790748e+00      3.133245e+00     -2.962733e-01      3.701850e-03     -6.089878e-01      1.287438e-01      2.107936e-01     -9.113085e-03     -2.967040e-02
      7.356912e-02      1.773092e+03     -7.100561e+02      2.809560e+00      3.081223e+00     -3.121484e-01      3.817394e-03     -6.100000e-01      3.796226e-02      2.113920e-01      8.708522e-03     -6.615104e-03
      7.504138e-02      1.759101e+03     -7.036975e+02      2.828905e+00      3.028549e+00     -3.262658e-01      3.914826e-03     -6.099991e-01      1.950148e-02      2.117744e-01     -8.708158e-03     -7.636908e-04
      7.651364e-02      1.745253e+03     -6.976318e+02      2.848620e+00      2.977684e+00     -3.368126e-01      3.965305e-03     -4.931389e-01      2.375037e-02      2.271716e-01      5.541731e-02      2.461975e-03
      7.798590e-02      1.731530e+03     -6.918810e+02      2.868211e+00      2.931566e+00     -3.372102e-01      3.865169e-03     -1.403426e-01      5.991814e-02      2.645521e-01      8.559581e-02      1.199433e-02
      7.945817e-02      1.717897e+03     -6.864825e+02      2.886759e+00      2.892153e+00     -3.229762e-01      3.548527e-03      2.531104e-01      1.880478e-01      2.979492e-01      7.166785e-02      3.921926e-02
      8.093043e-02      1.704308e+03     -6.814570e+02      2.903412e+00      2.865778e+00     -2.994122e-01      3.107628e-03      5.183038e-01      5.144271e-01      3.454966e-01      3.433028e-02      9.123496e-02
      8.240269e-02      1.690658e+03     -6.767934e+02      2.917501e+00      2.872694e+00     -2.651865e-01      2.523895e-03      6.100000e-01      1.020741e+00      4.073297e-01      2.320778e-03      1.111395e-01
      8.387495e-02      1.676730e+03     -6.724762e+02      2.927950e+00      2.936262e+00     -2.109181e-01      1.652651e-03      6.100000e-01      1.460160e+00      4.281713e-01     -2.320768e-03      6.449670e-02
      8.534722e-02      1.662282e+03     -6.684847e+02      2.933526e+00      3.045100e+00     -1.407544e-01      5.757037e-04      6.100000e-01      1.596538e+00      4.286972e-01      2.320769e-03     -9.986473e-03
      8.681948e-02      1.647232e+03     -6.647652e+02      2.933944e+00      3.147519e+00     -7.261156e-02     -4.084940e-04      6.100000e-01      1.389119e+00      4.553301e-01     -2.320769e-03     -7.291915e-02
      8.829174e-02      1.631748e+03     -6.612320e+02      2.930249e+00      3.200000e+00     -2.146904e-02     -1.068165e-03      6.100000e-01      9.426764e-01      5.110756e-01      2.320768e-03     -1.055244e-01
      8.976400e-02      1.616107e+03     -6.578047e+02      2.923970e+00      3.200000e+00      1.359630e-02     -1.441557e-03      6.100000e-01      4.688921e-01      5.462811e-01     -2.320775e-03     -8.384780e-02
      9.123626e-02      1.600529e+03     -6.544411e+02      2.916070e+00      3.169523e+00      4.304489e-02     -1.716236e-03      6.100000e-01      1.704899e-01      5.525870e-01      2.320779e-03     -3.542394e-02
      9.270853e-02      1.585122e+03     -6.511256e+02      2.906849e+00      3.128495e+00      7.120172e-02     -1.969391e-03      5.713844e-01      5.370269e-02      5.547985e-01     -1.775548e-02     -1.125603e-02
      9.418079e-02      1.569917e+03     -6.478304e+02      2.896606e+00      3.088082e+00      9.311260e-02     -2.124905e-03      3.247771e-01      2.006474e-02      5.875011e-01     -8.081374e-02     -2.189098e-03
      9.565305e-02      1.554916e+03     -6.444947e+02      2.886186e+00      3.051145e+00      9.941242e-02     -2.040043e-03     -1.300883e-01      1.514902e-02      6.385410e-01     -1.009965e-01      2.242790e-04
      9.712531e-02      1.540131e+03     -6.410465e+02      2.876829e+00      3.014394e+00      8.831858e-02     -1.699747e-03     -5.292947e-01      4.408503e-02      6.563478e-01     -5.856675e-02      1.134148e-02
      9.859757e-02      1.525564e+03     -6.374490e+02      2.869391e+00      2.981004e+00      6.965218e-02     -1.273227e-03     -6.024408e-01      2.671864e-01      6.909643e-01      2.933014e-02      7.783242e-02
      1.000698e-01      1.511156e+03     -6.336909e+02      2.864138e+00      2.969288e+00      4.737330e-02     -8.266000e-04     -6.100000e-01      7.371604e-01      7.567651e-01     -3.235155e-02      1.100168e-01
      1.015421e-01      1.496788e+03     -6.297456e+02      2.861332e+00      2.985977e+00      1.740197e-02     -2.947659e-04     -6.099986e-01      9.637571e-01      7.638944e-01      3.235210e-02     -1.944580e-02
      1.030144e-01      1.482386e+03     -6.256396e+02      2.860595e+00      3.000000e+00      0.000000e+00      0.000000e+00      0.000000e+00      6.024202e-01      1.065809e+00      2.114651e-01     -1.249810e-01
      1.049759e-01      1.459561e+03     -6.258775e+02      2.874252e+00      3.000000e+00      5.862664e-03     -9.147578e-05      2.021405e-01      6.109882e-01      1.075555e+00      3.808676e-02      3.368743e-03
      1.069375e-01      1.440250e+03     -6.206742e+02      2.872750e+00      3.000000e+00      2.353447e-02     -3.593432e-04      4.122869e-01      6.392505e-01      1.079881e+00      2.495718e-02      5.109929e-03
      1.088990e-01      1.420912e+03     -6.155635e+02      2.869058e+00      3.000000e+00      5.032763e-02     -7.481529e-04      5.405430e-01      6.696109e-01      1.081206e+00      1.351965e-02      3.998213e-03
      1.108606e-01      1.401547e+03     -6.105417e+02      2.862628e+00      3.000000e+00      8.174590e-02     -1.180874e-03      5.976720e-01      6.920002e-01      1.081343e+00      3.619058e-03      2.718571e-03
      1.128221e-01      1.382163e+03     -6.055738e+02      2.853323e+00      3.000000e+00      1.147506e-01     -1.610628e-03      6.100000e-01      7.075137e-01      1.081368e+00      7.932742e-05      1.935476e-03
      1.147837e-01      1.362769e+03     -6.006095e+02      2.841229e+00      3.000000e+00      1.477897e-01     -2.017559e-03      6.100000e-01      7.224770e-01      1.081412e+00     -7.932742e-05      2.553528e-03
      1.167452e-01      1.343377e+03     -5.955928e+02      2.826528e+00      3.000000e+00      1.799334e-01     -2.392570e-03      5.951855e-01      7.353347e-01      1.081550e+00     -4.365008e-03      1.303779e-03
      1.187068e-01      1.324002e+03     -5.904646e+02      2.809499e+00      3.000000e+00      2.095964e-01     -2.716197e-03      5.472781e-01      7.399951e-01      1.082218e+00     -1.000723e-02      9.432042e-05
      1.206683e-01      1.304662e+03     -5.851602e+02      2.790586e+00      3.000000e+00      2.344463e-01     -2.957730e-03      4.652454e-01      7.355333e-01      1.083653e+00     -1.460256e-02     -1.432846e-03
      1.226299e-01      1.285379e+03     -5.796120e+02      2.770435e+00      3.000000e+00      2.521589e-01     -3.087642e-03      3.564717e-01      7.237849e-01      1.085849e+00     -1.802957e-02     -2.091677e-03
      1.245914e-01      1.266180e+03     -5.737546e+02      2.749852e+00      3.000000e+00      2.610382e-01     -3.087137e-03      2.290717e-01      7.078920e-01      1.088615e+00     -2.019043e-02     -2.676181e-03
      1.265530e-01      1.247094e+03     -5.675329e+02      2.729718e+00      3.000000e+00      2.603826e-01     -2.953274e-03      9.159975e-02      6.912610e-01      1.091605e+00     -2.105115e-02     -2.313137e-03
      1.285145e-01      1.228148e+03     -5.609086e+02      2.710877e+00      3.000000e+00      2.505411e-01     -2.698997e-03     -4.740381e-02      6.771930e-01      1.094472e+00     -2.064992e-02     -1.907261e-03
      1.304761e-01      1.209362e+03     -5.538640e+02      2.694052e+00      3.000000e+00      2.326817e-01     -2.348477e-03     -1.798441e-01      6.675330e-01      1.096906e+00     -1.908217e-02     -9.907375e-04
      1.324376e-01      1.190749e+03     -5.464021e+02      2.679788e+00      3.000000e+00      2.084295e-01     -1.930591e-03     -2.983892e-01      6.627717e-01      1.098718e+00     -1.648137e-02     -4.376597e-04
      1.343992e-01      1.172313e+03     -5.385441e+02      2.668441e+00      3.000000e+00      1.795174e-01     -1.473583e-03     -3.966786e-01      6.616136e-01      1.099846e+00     -1.300543e-02      9.024318e-05
      1.363607e-01      1.154047e+03     -5.303255e+02      2.660190e+00      3.000000e+00      1.475392e-01     -1.001861e-03     -4.694449e-01      6.620707e-01      1.100365e+00     -8.824480e-03      4.688628e-05
      1.383223e-01      1.135939e+03     -5.217911e+02      2.655067e+00      3.000000e+00      1.138635e-01     -5.350191e-04     -5.125568e-01      6.616803e-01      1.100477e+00     -4.109078e-03     -1.640268e-04
      1.402838e-01      1.117967e+03     -5.129916e+02      2.652986e+00      3.000000e+00      7.969991e-02     -8.916462e-05     -5.230344e-01      6.587808e-01      1.100487e+00      9.658048e-04     -7.058006e-04
      1.422454e-01      1.100107e+03     -5.039814e+02      2.653756e+00      3.000000e+00      4.628457e-02      3.200258e-04     -4.991659e-01      6.523917e-01      1.100753e+00      6.194722e-03     -1.210931e-03
      1.442069e-01      1.082329e+03     -4.948172e+02      2.657067e+00      3.000000e+00      1.512582e-02      6.734663e-04     -4.408356e-01      6.429090e-01      1.101622e+00      1.130439e-02     -1.633896e-03
      1.461685e-01      1.064601e+03     -4.855589e+02      2.662466e+00      3.000000e+00     -1.181928e-02      9.462765e-04     -3.500955e-01      6.314255e-01      1.103333e+00      1.591763e-02     -1.811136e-03
      1.481300e-01      1.046888e+03     -4.762687e+02      2.669328e+00      3.000000e+00     -3.239131e-02      1.112170e-03     -2.319556e-01      6.202079e-01      1.105891e+00      1.952435e-02     -1.554142e-03
      1.500916e-01      1.029160e+03     -4.670083e+02      2.676877e+00      3.000000e+00     -4.482034e-02      1.152576e-03     -9.530640e-02      6.119095e-01      1.108970e+00      2.147041e-02     -9.353767e-04
      1.520531e-01      1.011386e+03     -4.578332e+02      2.684267e+00      3.000000e+00     -4.826979e-02      1.064298e-03      4.614163e-02      6.091897e-01      1.111900e+00      2.096400e-02      1.194316e-04
      1.540147e-01      9.935466e+02     -4.487860e+02      2.690695e+00      3.000000e+00     -4.320786e-02      8.641338e-04      1.729541e-01      6.122302e-01      1.113849e+00      1.707974e-02      7.927136e-04
      1.559762e-01      9.756326e+02     -4.398896e+02      2.695540e+00      3.000000e+00     -3.155288e-02      5.895875e-04      2.589690e-01      6.174323e-01      1.114360e+00      8.724722e-03      7.679128e-04
      1.579378e-01      9.576461e+02     -4.311428e+02      2.698502e+00      3.000000e+00     -1.679151e-02      2.989857e-04      2.697090e-01      6.173142e-01      1.114566e+00     -5.502713e-03     -8.033517e-04
      1.598993e-01      9.396026e+02     -4.225152e+02      2.699762e+00      3.000000e+00     -4.564398e-03      7.881507e-05      1.596424e-01      6.075942e-01      1.119644e+00     -2.751726e-02     -2.112624e-03
      1.618609e-01      9.215286e+02     -4.139519e+02      2.700024e+00      3.000000e+00      0.000000e+00      0.000000e+00      0.000000e+00      6.024202e-01      1.122414e+00     -2.037546e-02      5.603999e-04
      1.633331e-01      9.102189e+02     -4.143280e+02      2.687087e+00      3.034305e+00     -2.609352e-02      4.099366e-04     -6.100000e-01      1.281888e+00      1.166856e+00     -9.518241e-03      9.376085e-02
      1.648054e-01      8.965058e+02     -4.073605e+02      2.691304e+00      3.112713e+00     -8.290315e-02      1.275522e-03     -6.100000e-01      1.423988e+00      1.174146e+00      9.518238e-03     -3.696348e-02
      1.662776e-01      8.825446e+02     -4.000765e+02      2.699567e+00      3.177472e+00     -1.358872e-01      2.027056e-03     -6.100000e-01      1.131827e+00      1.206474e+00     -9.518235e-03     -7.981344e-02
      1.677499e-01      8.684107e+02     -3.926318e+02      2.710878e+00      3.200000e+00     -1.733526e-01      2.494254e-03     -6.100000e-01      8.234651e-01      1.216369e+00      9.518232e-03     -4.343919e-02
      1.692222e-01      8.542036e+02     -3.851868e+02      2.724145e+00      3.200000e+00     -2.021866e-01      2.808261e-03     -6.099996e-01      7.597494e-01      1.218438e+00     -9.518068e-03      1.797193e-02
      1.706944e-01      8.399504e+02     -3.778110e+02      2.738944e+00      3.200000e+00     -2.303972e-01      3.106904e-03     -6.100000e-01      8.539938e-01      1.220833e+00      9.517905e-03      1.969769e-02
      1.721667e-01      8.256417e+02     -3.705319e+02      2.755174e+00      3.198169e+00     -2.572288e-01      3.380356e-03     -6.099997e-01      7.536652e-01      1.239179e+00     -9.517777e-03     -5.979917e-02
      1.736390e-01      8.113119e+02     -3.634032e+02      2.772559e+00      3.176634e+00     -2.786719e-01      3.568405e-03     -6.100000e-01      4.035154e-01      1.271782e+00      9.517650e-03     -8.015614e-02
      1.751112e-01      7.970442e+02     -3.564959e+02      2.790748e+00      3.133245e+00     -2.962733e-01      3.701850e-03     -6.089878e-01      1.287438e-01      1.276602e+00     -9.113085e-03     -2.967040e-02
      1.765835e-01      7.829043e+02     -3.498545e+02      2.809560e+00      3.081223e+00     -3.121484e-01      3.817394e-03     -6.100000e-01      3.796226e-02      1.277201e+00      8.708522e-03     -6.615104e-03
      1.780557e-01      7.689126e+02     -3.434959e+02      2.828905e+00      3.028549e+00     -3.262658e-01      3.914826e-03     -6.099991e-01      1.950148e-02      1.277583e+00     -8.708158e-03     -7.636908e-04
      1.795280e-01      7.550651e+02     -3.374301e+02      2.848620e+00      2.977684e+00     -3.368126e-01      3.965305e-03     -4.931389e-01      2.375037e-02      1.292980e+00      5.541731e-02      2.461975e-03
      1.810003e-01      7.413418e+02     -3.316794e+02      2.868211e+00      2.931566e+00     -3.372102e-01      3.865169e-03     -1.403426e-01      5.991814e-02      1.330361e+00      8.559581e-02      1.199433e-02
      1.824725e-01      7.277092e+02     -3.262809e+02      2.886759e+00      2.892153e+00     -3.229762e-01      3.548527e-03      2.531104e-01      1.880478e-01      1.363758e+00      7.166785e-02      3.921926e-02
      1.839448e-01      7.141201e+02     -3.212553e+02      2.903412e+00      2.865778e+00     -2.994122e-01      3.107628e-03      5.183038e-01      5.144271e-01      1.411305e+00      3.433028e-02      9.123496e-02
      1.854171e-01      7.004695e+02     -3.165918e+02      2.917501e+00      2.872694e+00     -2.651865e-01      2.523895e-03      6.100000e-01      1.020741e+00      1.473138e+00      2.320778e-03      1.111395e-01
      1.868893e-01      6.865423e+02     -3.122746e+02      2.927950e+00      2.936262e+00     -2.109181e-01      1.652651e-03      6.100000e-01      1.460160e+00      1.493980e+00     -2.320768e-03      6.449670e-02
      1.883616e-01      6.720937e+02     -3.082831e+02      2.933526e+00      3.045100e+00     -1.407544e-01      5.757037e-04      6.100000e-01      1.596538e+00      1.494506e+00      2.320769e-03     -9.986473e-03
      1.898338e-01      6.570442e+02     -3.045636e+02      2.933944e+00      3.147519e+00     -7.261156e-02     -4.084940e-04      6.100000e-01      1.389119e+00      1.521139e+00     -2.320769e-03     -7.291915e-02
      1.913061e-01      6.415596e+02     -3.010304e+02      2.930249e+00      3.200000e+00     -2.146904e-02     -1.068165e-03      6.100000e-01      9.426764e-01      1.576884e+00      2.320768e-03     -1.055244e-01
      1.927784e-01      6.259185e+02     -2.976031e+02      2.923970e+00      3.200000e+00      1.359630e-02     -1.441557e-03      6.100000e-01      4.688921e-01      1.612090e+00     -2.320775e-03     -8.384780e-02
      1.942506e-01      6.103410e+02     -2.942395e+02      2.916070e+00      3.169523e+00      4.304489e-02     -1.716236e-03      6.100000e-01      1.704899e-01      1.618396e+00      2.320779e-03     -3.542394e-02
      1.957229e-01      5.949341e+02     -2.909240e+02      2.906849e+00      3.128495e+00      7.120172e-02     -1.969391e-03      5.713844e-01      5.370269e-02      1.620607e+00     -1.775548e-02     -1.125603e-02
      1.971951e-01      5.797285e+02     -2.876288e+02      2.896606e+00      3.088082e+00      9.311260e-02     -2.124905e-03      3.247771e-01      2.006474e-02      1.653310e+00     -8.081374e-02     -2.189098e-03
      1.986674e-01      5.647279e+02     -2.842930e+02      2.886186e+00      3.051145e+00      9.941242e-02     -2.040043e-03     -1.300883e-01      1.514902e-02      1.704350e+00     -1.009965e-01      2.242790e-04
      2.001397e-01      5.499425e+02     -2.808449e+02      2.876829e+00      3.014394e+00      8.831858e-02     -1.699747e-03     -5.292947e-01      4.408503e-02      1.722156e+00     -5.856675e-02      1.134148e-02
      2.016119e-01      5.353755e+02     -2.772474e+02      2.869391e+00      2.981004e+00      6.965218e-02     -1.273227e-03     -6.024408e-01      2.671864e-01      1.756773e+00      2.933014e-02      7.783242e-02
      2.030842e-01      5.209681e+02     -2.734893e+02      2.864138e+00      2.969288e+00      4.737330e-02     -8.266000e-04     -6.100000e-01      7.371604e-01      1.822574e+00     -3.235155e-02      1.100168e-01
      2.045565e-01      5.065999e+02     -2.695439e+02      2.861332e+00      2.985977e+00      1.740197e-02     -2.947659e-04     -6.099986e-01      9.637571e-01      1.829703e+00      3.235210e-02     -1.944580e-02
      2.060287e-01      4.921976e+02     -2.654380e+02      2.860595e+00      3.000000e+00      0.000000e+00      0.000000e+00      0.000000e+00      6.024202e-01      2.131617e+00      2.114651e-01     -1.249810e-01
      2.075010e-01      4.741218e+02     -2.668983e+02      2.875583e+00      3.034305e+00     -2.609352e-02      4.099366e-04     -6.100000e-01      1.281888e+00      2.176059e+00     -9.518241e-03      9.376085e-02
      2.089732e-01      4.593459e+02     -2.626238e+02      2.879800e+00      3.112713e+00     -8.290315e-02      1.275522e-03     -6.100000e-01      1.423988e+00      2.183349e+00      9.518238e-03     -3.696348e-02
      2.104455e-01      4.442671e+02     -2.580848e+02      2.888062e+00      3.177472e+00     -1.358872e-01      2.027056e-03     -6.100000e-01      1.131827e+00      2.215677e+00     -9.518235e-03     -7.981344e-02
      2.119178e-01      4.289887e+02     -2.534204e+02      2.899374e+00      3.200000e+00     -1.733526e-01      2.494254e-03     -6.100000e-01      8.234651e-01      2.225572e+00      9.518232e-03     -4.343919e-02
      2.133900e-01      4.136382e+02     -2.487694e+02      2.912640e+00      3.200000e+00     -2.021866e-01      2.808261e-03     -6.099996e-01      7.597494e-01      2.227641e+00     -9.518068e-03      1.797193e-02
      2.148623e-01      3.982553e+02     -2.441951e+02      2.927439e+00      3.200000e+00     -2.303972e-01      3.106904e-03     -6.100000e-01      8.539938e-01      2.230036e+00      9.517905e-03      1.969769e-02
      2.163346e-01      3.828361e+02     -2.397261e+02      2.943669e+00      3.198169e+00     -2.572288e-01      3.380356e-03     -6.099997e-01      7.536652e-01      2.248383e+00     -9.517777e-03     -5.979917e-02
      2.178068e-01      3.674243e+02     -2.354088e+02      2.961054e+00      3.176634e+00     -2.786719e-01      3.568405e-03     -6.100000e-01      4.035154e-01      2.280985e+00      9.517650e-03     -8.015614e-02
      2.192791e-01      3.521150e+02     -2.312973e+02      2.979244e+00      3.133245e+00     -2.962733e-01      3.701850e-03     -6.089878e-01      1.287438e-01      2.285805e+00     -9.113085e-03     -2.967040e-02
      2.207513e-01      3.369811e+02     -2.274232e+02      2.998056e+00      3.081223e+00     -3.121484e-01      3.817394e-03     -6.100000e-01      3.796226e-02      2.286404e+00      8.708522e-03     -6.615104e-03
      2.222236e-01      3.220457e+02     -2.237990e+02      3.017401e+00      3.028549e+00     -3.262658e-01      3.914826e-03     -6.099991e-01      1.950148e-02      2.286786e+00     -8.708158e-03     -7.636908e-04
      2.236959e-01      3.073069e+02     -2.204354e+02      3.037116e+00      2.977684e+00     -3.368126e-01      3.965305e-03     -4.931389e-01      2.375037e-02      2.302183e+00      5.541731e-02      2.461975e-03
      2.251681e-01      2.927492e+02     -2.173580e+02      3.056707e+00      2.931566e+00     -3.372102e-01      3.865169e-03     -1.403426e-01      5.991814e-02      2.339564e+00      8.559581e-02      1.199433e-02
      2.266404e-01      2.783464e+02     -2.146096e+02      3.075255e+00      2.892153e+00     -3.229762e-01      3.548527e-03      2.531104e-01      1.880478e-01      2.372961e+00      7.166785e-02      3.921926e-02
      2.281127e-01      2.640563e+02     -2.122194e+02      3.091908e+00      2.865778e+00     -2.994122e-01      3.107628e-03      5.183038e-01      5.144271e-01      2.420508e+00      3.433028e-02      9.123496e-02
      2.295849e-01      2.497737e+02     -2.101963e+02      3.105997e+00      2.872694e+00     -2.651865e-01      2.523895e-03      6.100000e-01      1.020741e+00      2.482341e+00      2.320778e-03      1.111395e-01
      2.310572e-01      2.352842e+02     -2.085653e+02      3.116446e+00      2.936262e+00     -2.109181e-01      1.652651e-03      6.100000e-01      1.460160e+00      2.503183e+00     -2.320768e-03      6.449670e-02
      2.325294e-01      2.203435e+02     -2.073519e+02      3.122021e+00      3.045100e+00     -1.407544e-01      5.757037e-04      6.100000e-01      1.596538e+00      2.503709e+00      2.320769e-03     -9.986473e-03
      2.340017e-01      2.048637e+02     -2.065183e+02      3.122439e+00      3.147519e+00     -7.261156e-02     -4.084940e-04      6.100000e-01      1.389119e+00      2.530342e+00     -2.320769e-03     -7.291915e-02
      2.354740e-01      1.889913e+02     -2.059492e+02      3.118745e+00      3.200000e+00     -2.146904e-02     -1.068165e-03      6.100000e-01      9.426764e-01      2.586087e+00      2.320768e-03     -1.055244e-01
      2.369462e-01      1.729850e+02     -2.055135e+02      3.112466e+00      3.200000e+00      1.359630e-02     -1.441557e-03      6.100000e-01      4.688921e-01      2.621293e+00     -2.320775e-03     -8.384780e-02
      2.384185e-01      1.570532e+02     -2.051284e+02      3.104566e+00      3.169523e+00      4.304489e-02     -1.716236e-03      6.100000e-01      1.704899e-01      2.627599e+00      2.320779e-03     -3.542394e-02
      2.398908e-01      1.412979e+02     -2.047585e+02      3.095345e+00      3.128495e+00      7.120172e-02     -1.969391e-03      5.713844e-01      5.370269e-02      2.629810e+00     -1.775548e-02     -1.125603e-02
      2.413630e-01      1.257442e+02     -2.043710e+02      3.085101e+00      3.088082e+00      9.311260e-02     -2.124905e-03      3.247771e-01      2.006474e-02      2.662513e+00     -8.081374e-02     -2.189098e-03
      2.428353e-01      1.103843e+02     -2.039051e+02      3.074681e+00      3.051145e+00      9.941242e-02     -2.040043e-03     -1.300883e-01      1.514902e-02      2.713553e+00     -1.009965e-01      2.242790e-04
      2.443075e-01      9.521463e+01     -2.032886e+02      3.065325e+00      3.014394e+00      8.831858e-02     -1.699747e-03     -5.292947e-01      4.408503e-02      2.731360e+00     -5.856675e-02      1.134148e-02
      2.457798e-01      8.023156e+01     -2.024844e+02      3.057887e+00      2.981004e+00      6.965218e-02     -1.273227e-03     -6.024408e-01      2.671864e-01      2.765976e+00      2.933014e-02      7.783242e-02
      2.472521e-01      6.537510e+01     -2.014925e+02      3.052633e+00      2.969288e+00      4.737330e-02     -8.266000e-04     -6.100000e-01      7.371604e-01      2.831777e+00     -3.235155e-02      1.100168e-01
      2.487243e-01      5.052210e+01     -2.003094e+02      3.049828e+00      2.985977e+00      1.740197e-02     -2.947659e-04     -6.099986e-01      9.637571e-01      2.838906e+00      3.235210e-02     -1.944580e-02
      2.501966e-01      3.560550e+01     -1.989749e+02      3.049090e+00      3.000000e+00      0.000000e+00      0.000000e+00      0.000000e+00      6.024202e-01      3.140820e+00      2.114651e-01     -1.249810e-01
      2.536853e-01      3.116775e+00     -1.931664e+02      3.061770e+00      3.000000e+00      1.430419e-02     -2.163287e-04      2.782094e-01      6.190789e-01      3.150680e+00      2.849201e-02      4.446141e-03
      2.571740e-01     -3.236669e+01     -1.906304e+02      3.055763e+00      3.000000e+00      5.457472e-02     -7.970384e-04      5.213451e-01      6.662266e-01      3.152684e+00      1.251924e-02      3.506563e-03
      2.606627e-01     -6.787649e+01     -1.883058e+02      3.041941e+00      3.000000e+00      1.096978e-01     -1.534254e-03      6.029836e-01      7.034560e-01      3.152794e+00      1.251258e-03      2.773168e-03
      2.641515e-01     -1.034128e+02     -1.860053e+02      3.019534e+00      3.000000e+00      1.677805e-01     -2.245326e-03      6.099810e-01      7.324444e-01      3.152847e+00     -7.096324e-05      2.116479e-03
      2.676402e-01     -1.389681e+02     -1.834392e+02      2.989148e+00      3.000000e+00      2.240609e-01     -2.880111e-03      6.089354e-01      7.644086e-01      3.152975e+00     -1.054144e-04      3.275128e-03
      2.711289e-01     -1.745249e+02     -1.803067e+02      2.951685e+00      3.000000e+00      2.770039e-01     -3.438963e-03      6.080134e-01      7.980937e-01      3.153043e+00     -5.009784e-05      2.406753e-03
      2.746176e-01     -2.100504e+02     -1.763249e+02      2.908002e+00      3.000000e+00      3.259092e-01     -3.929381e-03      6.099112e-01      8.322249e-01      3.153178e+00      3.702046e-04      3.350379e-03
      2.781064e-01     -2.454921e+02     -1.712344e+02      2.858878e+00      3.000000e+00      3.703034e-01     -4.356695e-03      6.097394e-01      8.638772e-01      3.153227e+00     -3.991737e-04      1.988610e-03
      2.815951e-01     -2.807741e+02     -1.648010e+02      2.805048e+00      3.000000e+00      4.098051e-01     -4.723213e-03      6.086268e-01      8.924269e-01      3.153322e+00      2.115048e-04      2.827053e-03
      2.850838e-01     -3.157967e+02     -1.568195e+02      2.747201e+00      3.000000e+00      4.444272e-01     -5.034145e-03      6.080479e-01      9.177580e-01      3.153348e+00     -3.091566e-04      1.445714e-03
      2.885725e-01     -3.504378e+02     -1.471171e+02      2.685968e+00      3.000000e+00      4.743309e-01     -5.294390e-03      6.060271e-01      9.392854e-01      3.153405e+00     -3.170220e-05      2.185457e-03
      2.920612e-01     -3.845536e+02     -1.355534e+02      2.621987e+00      3.000000e+00      4.990762e-01     -5.497663e-03      5.937776e-01      9.536381e-01      3.153454e+00     -2.034502e-03      2.354949e-04
      2.955500e-01     -4.179744e+02     -1.220119e+02      2.556205e+00      3.000000e+00      5.157181e-01     -5.598239e-03      5.428003e-01      9.498134e-01      3.153974e+00     -6.564164e-03     -8.806286e-04
      2.990387e-01     -4.504974e+02     -1.063980e+02      2.490329e+00      3.000000e+00      5.187705e-01     -5.513581e-03      4.413346e-01      9.217947e-01      3.155470e+00     -1.055070e-02     -3.845472e-03
      3.025274e-01     -4.818982e+02     -8.866254e+01      2.426907e+00      3.000000e+00      5.038842e-01     -5.184146e-03      3.009886e-01      8.749711e-01      3.157706e+00     -1.312236e-02     -4.052557e-03
      3.060161e-01     -5.119715e+02     -6.884394e+01      2.368810e+00      3.000000e+00      4.707161e-01     -4.615492e-03      1.388088e-01      8.198257e-01      3.160435e+00     -1.423354e-02     -5.249181e-03
      3.095048e-01     -5.405843e+02     -4.708778e+01      2.318510e+00      3.000000e+00      4.226084e-01     -3.868929e-03     -2.815316e-02      7.670737e-01      3.162893e+00     -1.392901e-02     -3.648824e-03
      3.129936e-01     -5.677086e+02     -2.362910e+01      2.277624e+00      3.000000e+00      3.645208e-01     -3.027483e-03     -1.839488e-01      7.237225e-01      3.164861e+00     -1.235004e-02     -3.663499e-03
      3.164823e-01     -5.934234e+02      1.248797e+00      2.246836e+00      3.000000e+00      3.011075e-01     -2.165797e-03     -3.146171e-01      6.922636e-01      3.166006e+00     -9.690632e-03     -1.642879e-03
      3.199710e-01     -6.178912e+02      2.725528e+01      2.226070e+00      3.000000e+00      2.358602e-01     -1.336868e-03     -4.086488e-01      6.709272e-01      3.166503e+00     -6.170283e-03     -1.956076e-03
      3.234597e-01     -6.413274e+02      5.411926e+01      2.214743e+00      3.000000e+00      1.712231e-01     -5.738347e-04     -4.574136e-01      6.562037e-01      3.166557e+00     -2.055186e-03     -5.274211e-04
      3.269485e-01     -6.639738e+02      8.159963e+01      2.211928e+00      3.000000e+00      1.092993e-01      9.905335e-05     -4.557208e-01      6.444917e-01      3.166646e+00      2.340709e-03     -1.448114e-03
      3.304372e-01     -6.860815e+02      1.094837e+02      2.216384e+00      3.000000e+00      5.276704e-02      6.525400e-04     -4.025160e-01      6.338448e-01      3.167170e+00      6.633689e-03     -3.477806e-04
      3.339259e-01     -7.079021e+02      1.375790e+02      2.226423e+00      3.000000e+00      5.676448e-03      1.040877e-03     -3.018541e-01      6.234733e-01      3.168462e+00      1.034560e-02     -1.401642e-03
      3.374146e-01     -7.296764e+02      1.657079e+02      2.239776e+00      3.000000e+00     -2.704715e-02      1.211451e-03     -1.643911e-01      6.143719e-01      3.170417e+00      1.284116e-02     -1.335457e-04
      3.409033e-01     -7.516119e+02      1.937130e+02      2.253715e+00      3.000000e+00     -4.192091e-02      1.139752e-03     -1.006889e-02      6.090035e-01      3.172487e+00      1.318935e-02     -7.719761e-04
      3.443921e-01     -7.738508e+02      2.214783e+02      2.265560e+00      3.000000e+00     -3.918091e-02      8.581224e-04      1.281409e-01      6.094035e-01      3.173711e+00      1.012338e-02      8.394458e-04
      3.478808e-01     -7.964437e+02      2.489548e+02      2.273398e+00      3.000000e+00     -2.389166e-02      4.640369e-04      2.008629e-01      6.113951e-01      3.173768e+00      2.143091e-03     -5.035041e-04
      3.513695e-01     -8.193378e+02      2.761794e+02      2.276902e+00      3.000000e+00     -6.991742e-03      1.269756e-04      1.391499e-01      6.063777e-01      3.175638e+00     -1.255261e-02     -3.428142e-04
      3.548582e-01     -8.423976e+02      3.032634e+02      2.277655e+00      3.000000e+00      0.000000e+00      0.000000e+00      0.000000e+00      6.024202e-01      3.177053e+00     -1.091870e-02     -3.247329e-04
      3.583469e-01     -8.697337e+02      3.263900e+02      2.276372e+00      3.000000e+00      1.430419e-02     -2.163287e-04      2.782094e-01      6.190789e-01      3.186912e+00      2.849201e-02      4.446141e-03
      3.618357e-01     -8.930311e+02      3.532738e+02      2.270364e+00      3.000000e+00      5.457472e-02     -7.970384e-04      5.213451e-01      6.662266e-01      3.188917e+00      1.251924e-02      3.506563e-03
      3.653244e-01     -9.164966e+02      3.800268e+02      2.256543e+00      3.000000e+00      1.096978e-01     -1.534254e-03      6.029836e-01      7.034560e-01      3.189026e+00      1.251258e-03      2.773168e-03
      3.688131e-01     -9.399979e+02      4.067815e+02      2.234136e+00      3.000000e+00      1.677805e-01     -2.245326e-03      6.099810e-01      7.324444e-01      3.189079e+00     -7.096324e-05      2.116479e-03
      3.723018e-01     -9.633248e+02      4.337374e+02      2.203750e+00      3.000000e+00      2.240609e-01     -2.880111e-03      6.089354e-01      7.644086e-01      3.189207e+00     -1.054144e-04      3.275128e-03
      3.757906e-01     -9.862522e+02      4.610948e+02      2.166287e+00      3.000000e+00      2.770039e-01     -3.438963e-03      6.080134e-01      7.980937e-01      3.189276e+00     -5.009784e-05      2.406753e-03
      3.792793e-01     -1.008557e+03      4.890307e+02      2.122604e+00      3.000000e+00      3.259092e-01     -3.929381e-03      6.099112e-01      8.322249e-01      3.189410e+00      3.702046e-04      3.350379e-03
      3.827680e-01     -1.030018e+03      5.176913e+02      2.073480e+00      3.000000e+00      3.703034e-01     -4.356695e-03      6.097394e-01      8.638772e-01      3.189459e+00     -3.991737e-04      1.988610e-03
      3.862567e-01     -1.050418e+03      5.471885e+02      2.019649e+00      3.000000e+00      4.098051e-01     -4.723213e-03      6.086268e-01      8.924269e-01      3.189554e+00      2.115048e-04      2.827053e-03
      3.897454e-01     -1.069538e+03      5.775970e+02      1.961803e+00      3.000000e+00      4.444272e-01     -5.034145e-03      6.080479e-01      9.177580e-01      3.189580e+00     -3.091566e-04      1.445714e-03
      3.932342e-01     -1.087173e+03      6.089526e+02      1.900570e+00      3.000000e+00      4.743309e-01     -5.294390e-03      6.060271e-01      9.392854e-01      3.189637e+00     -3.170220e-05      2.185457e-03
      3.967229e-01     -1.103120e+03      6.412529e+02      1.836589e+00      3.000000e+00      4.990762e-01     -5.497663e-03      5.937776e-01      9.536381e-01      3.189687e+00     -2.034502e-03      2.354949e-04
      4.002116e-01     -1.117176e+03      6.744603e+02      1.770807e+00      3.000000e+00      5.157181e-01     -5.598239e-03      5.428003e-01      9.498134e-01      3.190207e+00     -6.564164e-03     -8.806286e-04
      4.037003e-01     -1.129133e+03      7.084982e+02      1.704930e+00      3.000000e+00      5.187705e-01     -5.513581e-03      4.413346e-01      9.217947e-01      3.191702e+00     -1.055070e-02     -3.845472e-03
      4.071890e-01     -1.138796e+03      7.432428e+02      1.641509e+00      3.000000e+00      5.038842e-01     -5.184146e-03      3.009886e-01      8.749711e-01      3.193938e+00     -1.312236e-02     -4.052557e-03
      4.106778e-01     -1.146047e+03      7.785217e+02      1.583412e+00      3.000000e+00      4.707161e-01     -4.615492e-03      1.388088e-01      8.198257e-01      3.196667e+00     -1.423354e-02     -5.249181e-03
      4.141665e-01     -1.150895e+03      8.141379e+02      1.533112e+00      3.000000e+00      4.226084e-01     -3.868929e-03     -2.815316e-02      7.670737e-01      3.199126e+00     -1.392901e-02     -3.648824e-03
      4.176552e-01     -1.153487e+03      8.499055e+02      1.492226e+00      3.000000e+00      3.645208e-01     -3.027483e-03     -1.839488e-01      7.237225e-01      3.201093e+00     -1.235004e-02     -3.663499e-03
      4.211439e-01     -1.154079e+03      8.856799e+02      1.461438e+00      3.000000e+00      3.011075e-01     -2.165797e-03     -3.146171e-01      6.922636e-01      3.202239e+00     -9.690632e-03     -1.642879e-03
      4.246327e-01     -1.152991e+03      9.213706e+02      1.440672e+00      3.000000e+00      2.358602e-01     -1.336868e-03     -4.086488e-01      6.709272e-01      3.202735e+00     -6.170283e-03     -1.956076e-03
      4.281214e-01     -1.150567e+03      9.569383e+02      1.429344e+00      3.000000e+00      1.712231e-01     -5.738347e-04     -4.574136e-01      6.562037e-01      3.202789e+00     -2.055186e-03     -5.274211e-04
      4.316101e-01     -1.147149e+03      9.923832e+02      1.426530e+00      3.000000e+00      1.092993e-01      9.905335e-05     -4.557208e-01      6.444917e-01      3.202879e+00      2.340709e-03     -1.448114e-03
      4.350988e-01     -1.143065e+03      1.027733e+03      1.430986e+00      3.000000e+00      5.276704e-02      6.525400e-04     -4.025160e-01      6.338448e-01      3.203402e+00      6.633689e-03     -3.477806e-04
      4.385875e-01     -1.138628e+03      1.063029e+03      1.441025e+00      3.000000e+00      5.676448e-03      1.040877e-03     -3.018541e-01      6.234733e-01      3.204694e+00      1.034560e-02     -1.401642e-03
      4.420763e-01     -1.134134e+03      1.098315e+03      1.454378e+00      3.000000e+00     -2.704715e-02      1.211451e-03     -1.643911e-01      6.143719e-01      3.206650e+00      1.284116e-02     -1.335457e-04
      4.455650e-01     -1.129842e+03      1.133629e+03      1.468317e+00      3.000000e+00     -4.192091e-02      1.139752e-03     -1.006889e-02      6.090035e-01      3.208719e+00      1.318935e-02     -7.719761e-04
      4.490537e-01     -1.125935e+03      1.168987e+03      1.480161e+00      3.000000e+00     -3.918091e-02      8.581224e-04      1.281409e-01      6.094035e-01      3.209943e+00      1.012338e-02      8.394458e-04
      4.525424e-01     -1.122481e+03      1.204392e+03      1.488000e+00      3.000000e+00     -2.389166e-02      4.640369e-04      2.008629e-01      6.113951e-01      3.210000e+00      2.143091e-03     -5.035041e-04
      4.560311e-01     -1.119419e+03      1.239831e+03      1.491504e+00      3.000000e+00     -6.991742e-03      1.269756e-04      1.391499e-01      6.063777e-01      3.211870e+00     -1.255261e-02     -3.428142e-04
      4.595199e-01     -1.116574e+03      1.275288e+03      1.492257e+00      3.000000e+00      0.000000e+00      0.000000e+00      0.000000e+00      6.024202e-01      3.213285e+00     -1.091870e-02     -3.247329e-04
      4.663853e-01     -1.111479e+03      1.344743e+03      1.482630e+00      3.000000e+00      5.768821e-02     -8.251375e-04      6.100000e-01      6.878197e-01      3.213302e+00      5.858495e-04     -6.249683e-04
      4.732507e-01     -1.106707e+03      1.414645e+03      1.446081e+00      3.000000e+00      1.722271e-01     -2.307642e-03      6.099999e-01      7.350441e-01      3.213819e+00     -5.858550e-04      4.672776e-03
      4.801161e-01     -1.100860e+03      1.484601e+03      1.378627e+00      3.000000e+00      2.792347e-01     -3.474131e-03      6.100000e-01      8.005213e-01      3.213848e+00      5.858604e-04      9.395514e-04
      4.869816e-01     -1.091730e+03      1.554391e+03      1.287083e+00      3.000000e+00      3.708967e-01     -4.372466e-03      6.100000e-01      8.647192e-01      3.214342e+00     -5.858610e-04      4.563130e-03
      4.938470e-01     -1.077453e+03      1.623515e+03      1.177251e+00      3.000000e+00      4.442864e-01     -5.041758e-03      6.100000e-01      9.185628e-01      3.214350e+00      5.858614e-04      5.203227e-05
      5.007124e-01     -1.056598e+03      1.691139e+03      1.053986e+00      3.000000e+00      5.001175e-01     -5.523769e-03      6.100000e-01      9.598771e-01      3.214642e+00     -5.858616e-04      3.489196e-03
      5.075778e-01     -1.028232e+03      1.756140e+03      9.211655e-01      3.000000e+00      5.410425e-01     -5.860848e-03      6.100000e-01      9.900670e-01      3.214669e+00      5.858617e-04     -9.014867e-04
      5.144433e-01     -9.919346e+02      1.817208e+03      7.817246e-01      3.000000e+00      5.702655e-01     -6.091227e-03      6.100000e-01      1.011354e+00      3.214850e+00     -5.858618e-04      2.726055e-03
      5.213087e-01     -9.477665e+02      1.872964e+03      6.377892e-01      3.000000e+00      5.907565e-01     -6.246092e-03      6.100000e-01      1.026133e+00      3.214908e+00      5.858618e-04     -1.459279e-03
      5.281741e-01     -8.962099e+02      1.922064e+03      4.908461e-01      3.000000e+00      6.049452e-01     -6.349036e-03      6.100000e-01      1.036187e+00      3.215042e+00     -5.858618e-04      2.321082e-03
      5.350395e-01     -8.380993e+02      1.963277e+03      3.419091e-01      3.000000e+00      6.146845e-01     -6.416988e-03      6.100000e-01      1.043040e+00      3.215120e+00      5.858618e-04     -1.733670e-03
      5.419050e-01     -7.745514e+02      1.995552e+03      1.916581e-01      3.000000e+00      6.213290e-01     -6.461670e-03      6.100000e-01      1.047616e+00      3.215233e+00     -5.858618e-04      2.125898e-03
      5.487704e-01     -7.068978e+02      2.018049e+03      4.054362e-02      3.000000e+00      6.258423e-01     -6.491000e-03      6.100000e-01      1.050731e+00      3.215322e+00      5.858618e-04     -1.858949e-03
      5.556358e-01     -6.366247e+02      2.030173e+03     -1.111376e-01      3.000000e+00      6.288984e-01     -6.510251e-03      6.100000e-01      1.052777e+00      3.215427e+00     -5.858618e-04      2.034319e-03
      5.625012e-01     -5.653169e+02      2.031585e+03     -2.631910e-01      3.000000e+00      6.309629e-01     -6.522896e-03      6.100000e-01      1.054187e+00      3.215520e+00      5.858618e-04     -1.913394e-03
      5.693667e-01     -4.946071e+02      2.022210e+03     -4.154890e-01      3.000000e+00      6.323551e-01     -6.531215e-03      6.100000e-01      1.055090e+00      3.215621e+00     -5.858618e-04      1.990770e-03
      5.762321e-01     -4.261276e+02      2.002234e+03     -5.679479e-01      3.000000e+00      6.332927e-01     -6.536697e-03      6.100000e-01      1.055735e+00      3.215716e+00      5.858618e-04     -1.935498e-03
      5.830975e-01     -3.614672e+02      1.972102e+03     -7.205131e-01      3.000000e+00      6.339234e-01     -6.540316e-03      6.100000e-01      1.056125e+00      3.215814e+00     -5.858618e-04      1.968946e-03
      5.899629e-01     -3.021302e+02      1.932500e+03     -8.731484e-01      3.000000e+00      6.343473e-01     -6.542710e-03      6.100000e-01      1.056427e+00      3.215911e+00      5.858615e-04     -1.943058e-03
      5.968284e-01     -2.494989e+02      1.884340e+03     -1.025830e+00      3.000000e+00      6.346321e-01     -6.544297e-03      6.100000e-01      1.056588e+00      3.216008e+00     -5.858615e-04      1.956859e-03
      6.036938e-01     -2.048004e+02      1.828737e+03     -1.178543e+00      3.000000e+00      6.348233e-01     -6.545349e-03      6.100000e-01      1.056737e+00      3.216104e+00      5.858589e-04     -1.944110e-03
      6.105592e-01     -1.690776e+02      1.766983e+03     -1.331276e+00      3.000000e+00      6.349516e-01     -6.546049e-03      6.099998e-01      1.056795e+00      3.216201e+00     -5.858690e-04      1.949120e-03
      6.174246e-01     -1.432283e+02      1.700523e+03     -1.481946e+00      3.000000e+00      6.233804e-01     -6.368574e-03      5.285973e-01      1.020311e+00      3.217755e+00     -6.391495e-03     -5.076346e-03
      6.242901e-01     -1.281869e+02      1.631064e+03     -1.615130e+00      3.000000e+00      5.356168e-01     -5.047162e-03     -7.427785e-03      8.493269e-01      3.256401e+00     -3.955351e-02     -9.579442e-03
      6.311555e-01     -1.239562e+02      1.560570e+03     -1.704038e+00      3.000000e+00      3.622542e-01     -2.573533e-03     -6.100000e-01      7.811322e-01      3.260140e+00     -1.209554e-02      3.734184e-03
      6.380209e-01     -1.280976e+02      1.490444e+03     -1.738607e+00      3.000000e+00      1.882394e-01     -3.895639e-04     -6.099997e-01      6.892400e-01      3.266699e+00      1.209556e-02     -1.161066e-02
      6.448863e-01     -1.368585e+02      1.420936e+03     -1.729709e+00      3.000000e+00      3.977724e-02      1.152325e-03     -6.100000e-01      6.787630e-01      3.272791e+00     -1.209558e-02      1.071264e-02
      6.517518e-01     -1.469761e+02      1.351660e+03     -1.694158e+00      3.000000e+00     -6.309262e-02      1.894821e-03     -2.327392e-01      6.326566e-01      3.323874e+00      4.443223e-02     -1.466462e-02
      6.586172e-01     -1.557024e+02      1.282208e+03     -1.660694e+00      3.000000e+00     -4.706793e-02      9.735477e-04      5.263609e-01      6.628630e-01      3.340754e+00      2.063350e-02      1.725374e-02
      6.654826e-01     -1.621376e+02      1.212506e+03     -1.649336e+00      3.000000e+00      0.000000e+00      0.000000e+00      0.000000e+00      6.024202e-01      3.453370e+00     -6.575014e-02     -2.243455e-02
      6.669549e-01     -1.576957e+02      1.199848e+03     -1.648311e+00      3.034305e+00     -2.609352e-02      4.099366e-04     -6.100000e-01      1.281888e+00      3.497811e+00     -9.518241e-03      9.376085e-02
      6.684271e-01     -1.591258e+02      1.184533e+03     -1.644094e+00      3.112713e+00     -8.290315e-02      1.275522e-03     -6.100000e-01      1.423988e+00      3.505101e+00      9.518238e-03     -3.696348e-02
      6.698994e-01     -1.607589e+02      1.168871e+03     -1.635831e+00      3.177472e+00     -1.358872e-01      2.027056e-03     -6.100000e-01      1.131827e+00      3.537429e+00     -9.518235e-03     -7.981344e-02
      6.713717e-01     -1.624777e+02      1.152989e+03     -1.624519e+00      3.200000e+00     -1.733526e-01      2.494254e-03     -6.100000e-01      8.234651e-01      3.547325e+00      9.518232e-03     -4.343919e-02
      6.728439e-01     -1.641699e+02      1.137039e+03     -1.611253e+00      3.200000e+00     -2.021866e-01      2.808261e-03     -6.099996e-01      7.597494e-01      3.549394e+00     -9.518068e-03      1.797193e-02
      6.743162e-01     -1.657808e+02      1.121071e+03     -1.596454e+00      3.200000e+00     -2.303972e-01      3.106904e-03     -6.100000e-01      8.539938e-01      3.551789e+00      9.517905e-03      1.969769e-02
      6.757884e-01     -1.672814e+02      1.105088e+03     -1.580224e+00      3.198169e+00     -2.572288e-01      3.380356e-03     -6.099997e-01      7.536652e-01      3.570135e+00     -9.517777e-03     -5.979917e-02
      6.772607e-01     -1.686343e+02      1.089140e+03     -1.562839e+00      3.176634e+00     -2.786719e-01      3.568405e-03     -6.100000e-01      4.035154e-01      3.602737e+00      9.517650e-03     -8.015614e-02
      6.787330e-01     -1.698043e+02      1.073332e+03     -1.544650e+00      3.133245e+00     -2.962733e-01      3.701850e-03     -6.089878e-01      1.287438e-01      3.607558e+00     -9.113085e-03     -2.967040e-02
      6.802052e-01     -1.707740e+02      1.057740e+03     -1.525838e+00      3.081223e+00     -3.121484e-01      3.817394e-03     -6.100000e-01      3.796226e-02      3.608156e+00      8.708522e-03     -6.615104e-03
      6.816775e-01     -1.715354e+02      1.042390e+03     -1.506493e+00      3.028549e+00     -3.262658e-01      3.914826e-03     -6.099991e-01      1.950148e-02      3.608539e+00     -8.708158e-03     -7.636908e-04
      6.831498e-01     -1.720776e+02      1.027282e+03     -1.486778e+00      2.977684e+00     -3.368126e-01      3.965305e-03     -4.931389e-01      2.375037e-02      3.623936e+00      5.541731e-02      2.461975e-03
      6.846220e-01     -1.723727e+02      1.012405e+03     -1.467187e+00      2.931566e+00     -3.372102e-01      3.865169e-03     -1.403426e-01      5.991814e-02      3.661316e+00      8.559581e-02      1.199433e-02
      6.860943e-01     -1.723736e+02      9.977426e+02     -1.448639e+00      2.892153e+00     -3.229762e-01      3.548527e-03      2.531104e-01      1.880478e-01      3.694713e+00      7.166785e-02      3.921926e-02
      6.875665e-01     -1.720437e+02      9.832578e+02     -1.431986e+00      2.865778e+00     -2.994122e-01      3.107628e-03      5.183038e-01      5.144271e-01      3.742261e+00      3.433028e-02      9.123496e-02
      6.890388e-01     -1.713547e+02      9.688490e+02     -1.417897e+00      2.872694e+00     -2.651865e-01      2.523895e-03      6.100000e-01      1.020741e+00      3.804094e+00      2.320778e-03      1.111395e-01
      6.905111e-01     -1.702418e+02      9.543105e+02     -1.407447e+00      2.936262e+00     -2.109181e-01      1.652651e-03      6.100000e-01      1.460160e+00      3.824936e+00     -2.320768e-03      6.449670e-02
      6.919833e-01     -1.686341e+02      9.394072e+02     -1.401872e+00      3.045100e+00     -1.407544e-01      5.757037e-04      6.100000e-01      1.596538e+00      3.825462e+00      2.320769e-03     -9.986473e-03
      6.934556e-01     -1.665523e+02      9.240453e+02     -1.401454e+00      3.147519e+00     -7.261156e-02     -4.084940e-04      6.100000e-01      1.389119e+00      3.852094e+00     -2.320769e-03     -7.291915e-02
      6.949279e-01     -1.641371e+02      9.083474e+02     -1.405148e+00      3.200000e+00     -2.146904e-02     -1.068165e-03      6.100000e-01      9.426764e-01      3.907840e+00      2.320768e-03     -1.055244e-01
      6.964001e-01     -1.615658e+02      8.925430e+02     -1.411427e+00      3.200000e+00      1.359630e-02     -1.441557e-03      6.100000e-01      4.688921e-01      3.943045e+00     -2.320775e-03     -8.384780e-02
      6.978724e-01     -1.589588e+02      8.768212e+02     -1.419328e+00      3.169523e+00      4.304489e-02     -1.716236e-03      6.100000e-01      1.704899e-01      3.949351e+00      2.320779e-03     -3.542394e-02
      6.993446e-01     -1.563698e+02      8.612758e+02     -1.428549e+00      3.128495e+00      7.120172e-02     -1.969391e-03      5.713844e-01      5.370269e-02      3.951563e+00     -1.775548e-02     -1.125603e-02
      7.008169e-01     -1.538360e+02      8.459249e+02     -1.438792e+00      3.088082e+00      9.311260e-02     -2.124905e-03      3.247771e-01      2.006474e-02      3.984265e+00     -8.081374e-02     -2.189098e-03
      7.022892e-01     -1.514155e+02      8.307497e+02     -1.449212e+00      3.051145e+00      9.941242e-02     -2.040043e-03     -1.300883e-01      1.514902e-02      4.035305e+00     -1.009965e-01      2.242790e-04
      7.037614e-01     -1.491786e+02      8.157333e+02     -1.458569e+00      3.014394e+00      8.831858e-02     -1.699747e-03     -5.292947e-01      4.408503e-02      4.053112e+00     -5.856675e-02      1.134148e-02
      7.052337e-01     -1.471610e+02      8.008649e+02     -1.466007e+00      2.981004e+00      6.965218e-02     -1.273227e-03     -6.024408e-01      2.671864e-01      4.087729e+00      2.933014e-02      7.783242e-02
      7.067060e-01     -1.453515e+02      7.860857e+02     -1.471260e+00      2.969288e+00      4.737330e-02     -8.266000e-04     -6.100000e-01      7.371604e-01      4.153529e+00     -3.235155e-02      1.100168e-01
      7.081782e-01     -1.437305e+02      7.712741e+02     -1.474066e+00      2.985977e+00      1.740197e-02     -2.947659e-04     -6.099986e-01      9.637571e-01      4.160659e+00      3.235210e-02     -1.944580e-02
      7.096505e-01     -1.422463e+02      7.563717e+02     -1.474803e+00      3.000000e+00      0.000000e+00      0.000000e+00      0.000000e+00      6.024202e-01      4.462573e+00      2.114651e-01     -1.249810e-01
      7.144227e-01     -1.359801e+02      7.012838e+02     -1.463891e+00      3.000000e+00      2.545840e-02     -3.761687e-04      3.658044e-01      6.319760e-01      4.473847e+00      2.586104e-02      5.127815e-03
      7.191950e-01     -1.301754e+02      6.529617e+02     -1.477336e+00      3.000000e+00      9.078072e-02     -1.281670e-03      5.979151e-01      6.948868e-01      4.474082e+00      2.760518e-03      2.629710e-03
      7.239672e-01     -1.242245e+02      6.046186e+02     -1.506128e+00      3.000000e+00      1.699302e-01     -2.268678e-03      6.100000e-01      7.335814e-01      4.474183e+00     -1.270335e-03      2.141725e-03
      7.287394e-01     -1.187734e+02      5.561479e+02     -1.549762e+00      3.000000e+00      2.456819e-01     -3.111848e-03      6.058470e-01      7.770524e-01      4.474360e+00      7.582247e-04      3.218679e-03
      7.335117e-01     -1.145742e+02      5.074626e+02     -1.605976e+00      3.000000e+00      3.147921e-01     -3.819958e-03      6.100000e-01      8.244723e-01      4.474473e+00     -2.461146e-04      2.628668e-03
      7.382839e-01     -1.123218e+02      4.585461e+02     -1.672717e+00      3.000000e+00      3.758509e-01     -4.409859e-03      6.099986e-01      8.680047e-01      4.474596e+00      2.459475e-04      2.739302e-03
      7.430562e-01     -1.126407e+02      4.094737e+02     -1.748132e+00      3.000000e+00      4.279505e-01     -4.889492e-03      6.100000e-01      9.062606e-01      4.474661e+00     -2.457803e-04      1.978033e-03
      7.478284e-01     -1.160711e+02      3.604196e+02     -1.830546e+00      3.000000e+00      4.713080e-01     -5.273043e-03      6.099969e-01      9.383670e-01      4.474725e+00      2.453932e-04      1.981001e-03
      7.526007e-01     -1.230530e+02      3.116520e+02     -1.918522e+00      3.000000e+00      5.066775e-01     -5.575165e-03      6.100000e-01      9.646261e-01      4.474752e+00     -2.450060e-04      1.257007e-03
      7.573729e-01     -1.339183e+02      2.635194e+02     -2.010852e+00      3.000000e+00      5.350816e-01     -5.810075e-03      6.099945e-01      9.855698e-01      4.474781e+00      2.443269e-04      1.325559e-03
      7.621452e-01     -1.488875e+02      2.164313e+02     -2.106553e+00      3.000000e+00      5.576157e-01     -5.990788e-03      6.100000e-01      1.002117e+00      4.474791e+00     -2.436477e-04      7.148845e-04
      7.669174e-01     -1.680725e+02      1.708385e+02     -2.204836e+00      3.000000e+00      5.753184e-01     -6.128525e-03      6.099265e-01      1.014934e+00      4.474804e+00      2.345821e-04      8.655496e-04
      7.716896e-01     -1.914816e+02      1.272133e+02     -2.305083e+00      3.000000e+00      5.891296e-01     -6.232904e-03      6.100000e-01      1.024928e+00      4.474807e+00     -2.255165e-04      3.668758e-04
      7.764619e-01     -2.190286e+02      8.603437e+01     -2.406753e+00      3.000000e+00      5.993533e-01     -6.304008e-03      6.050447e-01      1.030480e+00      4.474811e+00     -3.855198e-04      3.176853e-04
      7.812341e-01     -2.505380e+02      4.776786e+01     -2.509435e+00      3.000000e+00      6.072378e-01     -6.357748e-03      6.100000e-01      1.037559e+00      4.474832e+00      9.965562e-04      5.551979e-04
      7.860064e-01     -2.857529e+02      1.285057e+01     -2.612942e+00      3.000000e+00      6.137764e-01     -6.405616e-03      6.097910e-01      1.042131e+00      4.474849e+00     -1.022327e-03      8.658970e-06
      7.907786e-01     -3.243635e+02     -1.827845e+01     -2.716291e+00      3.000000e+00      6.121689e-01     -6.338372e-03      5.455658e-01      1.019245e+00      4.475750e+00     -6.897284e-03     -2.830738e-03
      7.955509e-01     -3.659990e+02     -4.514831e+01     -2.816020e+00      3.000000e+00      5.893034e-01     -5.959246e-03      3.990048e-01      9.573619e-01      4.478149e+00     -1.117513e-02     -4.800102e-03
      8.003231e-01     -4.101630e+02     -6.737309e+01     -2.906383e+00      3.000000e+00      5.383168e-01     -5.183346e-03      2.011042e-01      8.731364e-01      4.481494e+00     -1.322798e-02     -5.585734e-03
      8.050953e-01     -4.562246e+02     -8.487485e+01     -2.981742e+00      3.000000e+00      4.639065e-01     -4.109241e-03     -1.243866e-02      7.902473e-01      4.484627e+00     -1.310397e-02     -4.635316e-03
      8.098676e-01     -5.035314e+02     -9.799577e+01     -3.038703e+00      3.000000e+00      3.763010e-01     -2.914579e-03     -2.083923e-01      7.254389e-01      4.486794e+00     -1.105905e-02     -3.356198e-03
      8.146398e-01     -5.515457e+02     -1.074142e+02     -3.076508e+00      3.000000e+00      2.844419e-01     -1.747226e-03     -3.587977e-01      6.829621e-01      4.487760e+00     -7.487429e-03     -1.881620e-03
      8.194121e-01     -5.999059e+02     -1.139710e+02     -3.096287e+00      3.000000e+00      1.938841e-01     -6.916397e-04     -4.423184e-01      6.578106e-01      4.487913e+00     -2.811506e-03     -1.219807e-03
      8.241843e-01     -6.484103e+02     -1.185294e+02     -3.100242e+00      3.000000e+00      1.086181e-01      2.038832e-04     -4.445711e-01      6.416480e-01      4.488026e+00      2.533732e-03     -7.732004e-04
      8.289566e-01     -6.969665e+02     -1.219128e+02     -3.091484e+00      3.000000e+00      3.444983e-02      8.761568e-04     -3.599293e-01      6.284305e-01      4.489051e+00      7.903438e-03     -8.566546e-04
      8.337288e-01     -7.455353e+02     -1.248900e+02     -3.074528e+00      3.000000e+00     -1.864680e-02      1.214689e-03     -1.976832e-01      6.160015e-01      4.491435e+00      1.210312e-02     -6.759571e-04
      8.385010e-01     -7.940871e+02     -1.281306e+02     -3.055491e+00      3.000000e+00     -4.097796e-02      1.132765e-03      6.211614e-03      6.087513e-01      4.494193e+00      1.303913e-02     -2.180601e-04
      8.432733e-01     -8.425862e+02     -1.320800e+02     -3.040643e+00      3.000000e+00     -3.266426e-02      6.980920e-04      1.727124e-01      6.106208e-01      4.495107e+00      7.492067e-03      4.485805e-04
      8.480455e-01     -8.910139e+02     -1.368102e+02     -3.033309e+00      3.000000e+00     -1.082451e-02      2.062217e-04      1.592177e-01      6.076627e-01      4.496477e+00     -9.156093e-03     -8.133370e-04
      8.528178e-01     -9.393919e+02     -1.420220e+02     -3.031637e+00      3.000000e+00      0.000000e+00      0.000000e+00      0.000000e+00      6.024202e-01      4.498258e+00     -1.047703e-02      1.668755e-04
      8.542900e-01     -9.516143e+02     -1.374614e+02     -3.030611e+00      3.034305e+00     -2.609352e-02      4.099366e-04     -6.100000e-01      1.281888e+00      4.542700e+00     -9.518241e-03      9.376085e-02
      8.557623e-01     -9.669260e+02     -1.389264e+02     -3.026395e+00      3.112713e+00     -8.290315e-02      1.275522e-03     -6.100000e-01      1.423988e+00      4.549990e+00      9.518238e-03     -3.696348e-02
      8.572346e-01     -9.826168e+02     -1.402571e+02     -3.018132e+00      3.177472e+00     -1.358872e-01      2.027056e-03     -6.100000e-01      1.131827e+00      4.582318e+00     -9.518235e-03     -7.981344e-02
      8.587068e-01     -9.985395e+02     -1.415446e+02     -3.006820e+00      3.200000e+00     -1.733526e-01      2.494254e-03     -6.100000e-01      8.234651e-01      4.592213e+00      9.518232e-03     -4.343919e-02
      8.601791e-01     -1.014524e+03     -1.428711e+02     -2.993554e+00      3.200000e+00     -2.021866e-01      2.808261e-03     -6.099996e-01      7.597494e-01      4.594282e+00     -9.518068e-03      1.797193e-02
      8.616513e-01     -1.030511e+03     -1.442808e+02     -2.978755e+00      3.200000e+00     -2.303972e-01      3.106904e-03     -6.100000e-01      8.539938e-01      4.596677e+00      9.517905e-03      1.969769e-02
      8.631236e-01     -1.046492e+03     -1.458018e+02     -2.962525e+00      3.198169e+00     -2.572288e-01      3.380356e-03     -6.099997e-01      7.536652e-01      4.615023e+00     -9.517777e-03     -5.979917e-02
      8.645959e-01     -1.062411e+03     -1.474612e+02     -2.945140e+00      3.176634e+00     -2.786719e-01      3.568405e-03     -6.100000e-01      4.035154e-01      4.647626e+00      9.517650e-03     -8.015614e-02
      8.660681e-01     -1.078159e+03     -1.492741e+02     -2.926951e+00      3.133245e+00     -2.962733e-01      3.701850e-03     -6.089878e-01      1.287438e-01      4.652446e+00     -9.113085e-03     -2.967040e-02
      8.675404e-01     -1.093656e+03     -1.512432e+02     -2.908138e+00      3.081223e+00     -3.121484e-01      3.817394e-03     -6.100000e-01      3.796226e-02      4.653045e+00      8.708522e-03     -6.615104e-03
      8.690127e-01     -1.108877e+03     -1.533716e+02     -2.888793e+00      3.028549e+00     -3.262658e-01      3.914826e-03     -6.099991e-01      1.950148e-02      4.653427e+00     -8.708158e-03     -7.636908e-04
      8.704849e-01     -1.123819e+03     -1.556699e+02     -2.869078e+00      2.977684e+00     -3.368126e-01      3.965305e-03     -4.931389e-01      2.375037e-02      4.668824e+00      5.541731e-02      2.461975e-03
      8.719572e-01     -1.138487e+03     -1.581677e+02     -2.849488e+00      2.931566e+00     -3.372102e-01      3.865169e-03     -1.403426e-01      5.991814e-02      4.706205e+00      8.559581e-02      1.199433e-02
      8.734294e-01     -1.152890e+03     -1.609143e+02     -2.830939e+00      2.892153e+00     -3.229762e-01      3.548527e-03      2.531104e-01      1.880478e-01      4.739602e+00      7.166785e-02      3.921926e-02
      8.749017e-01     -1.167057e+03     -1.639525e+02     -2.814287e+00      2.865778e+00     -2.994122e-01      3.107628e-03      5.183038e-01      5.144271e-01      4.787149e+00      3.433028e-02      9.123496e-02
      8.763740e-01     -1.181081e+03     -1.673293e+02     -2.800197e+00      2.872694e+00     -2.651865e-01      2.523895e-03      6.100000e-01      1.020741e+00      4.848982e+00      2.320778e-03      1.111395e-01
      8.778462e-01     -1.195154e+03     -1.711467e+02     -2.789748e+00      2.936262e+00     -2.109181e-01      1.652651e-03      6.100000e-01      1.460160e+00      4.869824e+00     -2.320768e-03      6.449670e-02
      8.793185e-01     -1.209492e+03     -1.755185e+02     -2.784173e+00      3.045100e+00     -1.407544e-01      5.757037e-04      6.100000e-01      1.596538e+00      4.870350e+00      2.320769e-03     -9.986473e-03
      8.807908e-01     -1.224191e+03     -1.804420e+02     -2.783755e+00      3.147519e+00     -7.261156e-02     -4.084940e-04      6.100000e-01      1.389119e+00      4.896983e+00     -2.320769e-03     -7.291915e-02
      8.822630e-01     -1.239159e+03     -1.857559e+02     -2.787449e+00      3.200000e+00     -2.146904e-02     -1.068165e-03      6.100000e-01      9.426764e-01      4.952728e+00      2.320768e-03     -1.055244e-01
      8.837353e-01     -1.254201e+03     -1.912430e+02     -2.793728e+00      3.200000e+00      1.359630e-02     -1.441557e-03      6.100000e-01      4.688921e-01      4.987934e+00     -2.320775e-03     -8.384780e-02
      8.852075e-01     -1.269156e+03     -1.967499e+02     -2.801629e+00      3.169523e+00      4.304489e-02     -1.716236e-03      6.100000e-01      1.704899e-01      4.994240e+00      2.320779e-03     -3.542394e-02
      8.866798e-01     -1.283941e+03     -2.022059e+02     -2.810850e+00      3.128495e+00      7.120172e-02     -1.969391e-03      5.713844e-01      5.370269e-02      4.996451e+00     -1.775548e-02     -1.125603e-02
      8.881521e-01     -1.298545e+03     -2.075713e+02     -2.821093e+00      3.088082e+00      9.311260e-02     -2.124905e-03      3.247771e-01      2.006474e-02      5.029154e+00     -8.081374e-02     -2.189098e-03
      8.896243e-01     -1.312998e+03     -2.127925e+02     -2.831513e+00      3.051145e+00      9.941242e-02     -2.040043e-03     -1.300883e-01      1.514902e-02      5.080194e+00     -1.009965e-01      2.242790e-04
      8.910966e-01     -1.327329e+03     -2.178036e+02     -2.840870e+00      3.014394e+00      8.831858e-02     -1.699747e-03     -5.292947e-01      4.408503e-02      5.098000e+00     -5.856675e-02      1.134148e-02
      8.925689e-01     -1.341556e+03     -2.225715e+02     -2.848308e+00      2.981004e+00      6.965218e-02     -1.273227e-03     -6.024408e-01      2.671864e-01      5.132617e+00      2.933014e-02      7.783242e-02
      8.940411e-01     -1.355735e+03     -2.271183e+02     -2.853561e+00      2.969288e+00      4.737330e-02     -8.266000e-04     -6.100000e-01      7.371604e-01      5.198418e+00     -3.235155e-02      1.100168e-01
      8.955134e-01     -1.369980e+03     -2.314860e+02     -2.856367e+00      2.985977e+00      1.740197e-02     -2.947659e-04     -6.099986e-01      9.637571e-01      5.205547e+00      3.235210e-02     -1.944580e-02
      8.969856e-01     -1.384341e+03     -2.357364e+02     -2.857104e+00      3.000000e+00      0.000000e+00      0.000000e+00      0.000000e+00      6.024202e-01      5.507461e+00      2.114651e-01     -1.249810e-01
      8.989472e-01     -1.405798e+03     -2.468172e+02     -2.843446e+00      3.000000e+00      5.862664e-03     -9.147578e-05      2.021405e-01      6.109882e-01      5.517208e+00      3.808676e-02      3.368743e-03
      9.009087e-01     -1.424892e+03     -2.527715e+02     -2.844949e+00      3.000000e+00      2.353447e-02     -3.593432e-04      4.122869e-01      6.392505e-01      5.521534e+00      2.495718e-02      5.109929e-03
      9.028703e-01     -1.443958e+03     -2.588181e+02     -2.848641e+00      3.000000e+00      5.032763e-02     -7.481529e-04      5.405430e-01      6.696109e-01      5.522859e+00      1.351965e-02      3.998213e-03
      9.048318e-01     -1.462999e+03     -2.649541e+02     -2.855071e+00      3.000000e+00      8.174590e-02     -1.180874e-03      5.976720e-01      6.920002e-01      5.522996e+00      3.619058e-03      2.718571e-03
      9.067934e-01     -1.482027e+03     -2.711463e+02     -2.864376e+00      3.000000e+00      1.147506e-01     -1.610628e-03      6.100000e-01      7.075137e-01      5.523021e+00      7.932742e-05      1.935476e-03
      9.087549e-01     -1.501062e+03     -2.773467e+02     -2.876470e+00      3.000000e+00      1.477897e-01     -2.017559e-03      6.100000e-01      7.224770e-01      5.523064e+00     -7.932742e-05      2.553528e-03
      9.107165e-01     -1.520123e+03     -2.835016e+02     -2.891170e+00      3.000000e+00      1.799334e-01     -2.392570e-03      5.951855e-01      7.353347e-01      5.523203e+00     -4.365008e-03      1.303779e-03
      9.126780e-01     -1.539230e+03     -2.895533e+02     -2.908199e+00      3.000000e+00      2.095964e-01     -2.716197e-03      5.472781e-01      7.399951e-01      5.523870e+00     -1.000723e-02      9.432042e-05
      9.146396e-01     -1.558402e+03     -2.954378e+02     -2.927112e+00      3.000000e+00      2.344463e-01     -2.957730e-03      4.652454e-01      7.355333e-01      5.525306e+00     -1.460256e-02     -1.432846e-03
      9.166011e-01     -1.577656e+03     -3.010856e+02     -2.947264e+00      3.000000e+00      2.521589e-01     -3.087642e-03      3.564717e-01      7.237849e-01      5.527502e+00     -1.802957e-02     -2.091677e-03
      9.185627e-01     -1.597004e+03     -3.064271e+02     -2.967846e+00      3.000000e+00      2.610382e-01     -3.087137e-03      2.290717e-01      7.078920e-01      5.530267e+00     -2.019043e-02     -2.676181e-03
      9.205242e-01     -1.616453e+03     -3.114007e+02     -2.987981e+00      3.000000e+00      2.603826e-01     -2.953274e-03      9.159975e-02      6.912610e-01      5.533257e+00     -2.105115e-02     -2.313137e-03
      9.224858e-01     -1.635999e+03     -3.159597e+02     -3.006822e+00      3.000000e+00      2.505411e-01     -2.698997e-03     -4.740381e-02      6.771930e-01      5.536124e+00     -2.064992e-02     -1.907261e-03
      9.244473e-01     -1.655636e+03     -3.200778e+02     -3.023647e+00      3.000000e+00      2.326817e-01     -2.348477e-03     -1.798441e-01      6.675330e-01      5.538558e+00     -1.908217e-02     -9.907375e-04
      9.264089e-01     -1.675349e+03     -3.237508e+02     -3.037910e+00      3.000000e+00      2.084295e-01     -1.930591e-03     -2.983892e-01      6.627717e-01      5.540371e+00     -1.648137e-02     -4.376597e-04
      9.283704e-01     -1.695126e+03     -3.269947e+02     -3.049258e+00      3.000000e+00      1.795174e-01     -1.473583e-03     -3.966786e-01      6.616136e-01      5.541498e+00     -1.300543e-02      9.024318e-05
      9.303320e-01     -1.714952e+03     -3.298424e+02     -3.057509e+00      3.000000e+00      1.475392e-01     -1.001861e-03     -4.694449e-01      6.620707e-01      5.542017e+00     -8.824480e-03      4.688628e-05
      9.322935e-01     -1.734814e+03     -3.323395e+02     -3.062632e+00      3.000000e+00      1.138635e-01     -5.350191e-04     -5.125568e-01      6.616803e-01      5.542130e+00     -4.109078e-03     -1.640268e-04
      9.342551e-01     -1.754703e+03     -3.345396e+02     -3.064713e+00      3.000000e+00      7.969991e-02     -8.916462e-05     -5.230344e-01      6.587808e-01      5.542140e+00      9.658048e-04     -7.058006e-04
      9.362166e-01     -1.774611e+03     -3.365020e+02     -3.063943e+00      3.000000e+00      4.628457e-02      3.200258e-04     -4.991659e-01      6.523917e-01      5.542405e+00      6.194722e-03     -1.210931e-03
      9.381782e-01     -1.794532e+03     -3.382905e+02     -3.060631e+00      3.000000e+00      1.512582e-02      6.734663e-04     -4.408356e-01      6.429090e-01      5.543275e+00      1.130439e-02     -1.633896e-03
      9.401397e-01     -1.814461e+03     -3.399728e+02     -3.055232e+00      3.000000e+00     -1.181928e-02      9.462765e-04     -3.500955e-01      6.314255e-01      5.544986e+00      1.591763e-02     -1.811136e-03
      9.421013e-01     -1.834394e+03     -3.416195e+02     -3.048371e+00      3.000000e+00     -3.239131e-02      1.112170e-03     -2.319556e-01      6.202079e-01      5.547543e+00      1.952435e-02     -1.554142e-03
      9.440628e-01     -1.854325e+03     -3.433002e+02     -3.040822e+00      3.000000e+00     -4.482034e-02      1.152576e-03     -9.530640e-02      6.119095e-01      5.550622e+00      2.147041e-02     -9.353767e-04
      9.460244e-01     -1.874248e+03     -3.450771e+02     -3.033432e+00      3.000000e+00     -4.826979e-02      1.064298e-03      4.614163e-02      6.091897e-01      5.553552e+00      2.096400e-02      1.194316e-04
      9.479859e-01     -1.894158e+03     -3.469969e+02     -3.027004e+00      3.000000e+00     -4.320786e-02      8.641338e-04      1.729541e-01      6.122302e-01      5.555501e+00      1.707974e-02      7.927136e-04
      9.499475e-01     -1.914050e+03     -3.490843e+02     -3.022158e+00      3.000000e+00     -3.155288e-02      5.895875e-04      2.589690e-01      6.174323e-01      5.556013e+00      8.724722e-03      7.679128e-04
      9.519090e-01     -1.933923e+03     -3.513367e+02     -3.019196e+00      3.000000e+00     -1.679151e-02      2.989857e-04      2.697090e-01      6.173142e-01      5.556219e+00     -5.502713e-03     -8.033517e-04
      9.538706e-01     -1.953781e+03     -3.537204e+02     -3.017937e+00      3.000000e+00     -4.564398e-03      7.881507e-05      1.596424e-01      6.075942e-01      5.561297e+00     -2.751726e-02     -2.112624e-03
      9.558321e-01     -1.973630e+03     -3.561747e+02     -3.017674e+00      3.000000e+00      0.000000e+00      0.000000e+00      0.000000e+00      6.024202e-01      5.564067e+00     -2.037546e-02      5.603999e-04
      9.573044e-01     -1.986811e+03     -3.625874e+02     -3.030611e+00      3.034305e+00     -2.609352e-02      4.099366e-04     -6.100000e-01      1.281888e+00      5.608508e+00     -9.518241e-03      9.376085e-02
      9.587767e-01     -2.002123e+03     -3.640524e+02     -3.026395e+00      3.112713e+00     -8.290315e-02      1.275522e-03     -6.100000e-01      1.423988e+00      5.615798e+00      9.518238e-03     -3.696348e-02
      9.602489e-01     -2.017813e+03     -3.653831e+02     -3.018132e+00      3.177472e+00     -1.358872e-01      2.027056e-03     -6.100000e-01      1.131827e+00      5.648126e+00     -9.518235e-03     -7.981344e-02
      9.617212e-01     -2.033736e+03     -3.666706e+02     -3.006820e+00      3.200000e+00     -1.733526e-01      2.494254e-03     -6.100000e-01      8.234651e-01      5.658021e+00      9.518232e-03     -4.343919e-02
      9.631934e-01     -2.049721e+03     -3.679971e+02     -2.993554e+00      3.200000e+00     -2.021866e-01      2.808261e-03     -6.099996e-01      7.597494e-01      5.660091e+00     -9.518068e-03      1.797193e-02
      9.646657e-01     -2.065707e+03     -3.694068e+02     -2.978755e+00      3.200000e+00     -2.303972e-01      3.106904e-03     -6.100000e-01      8.539938e-01      5.662486e+00      9.517905e-03      1.969769e-02
      9.661380e-01     -2.081689e+03     -3.709278e+02     -2.962525e+00      3.198169e+00     -2.572288e-01      3.380356e-03     -6.099997e-01      7.536652e-01      5.680832e+00     -9.517777e-03     -5.979917e-02
      9.676102e-01     -2.097608e+03     -3.725872e+02     -2.945140e+00      3.176634e+00     -2.786719e-01      3.568405e-03     -6.100000e-01      4.035154e-01      5.713434e+00      9.517650e-03     -8.015614e-02
      9.690825e-01     -2.113355e+03     -3.744001e+02     -2.926951e+00      3.133245e+00     -2.962733e-01      3.701850e-03     -6.089878e-01      1.287438e-01      5.718255e+00     -9.113085e-03     -2.967040e-02
      9.705548e-01     -2.128853e+03     -3.763692e+02     -2.908138e+00      3.081223e+00     -3.121484e-01      3.817394e-03     -6.100000e-01      3.796226e-02      5.718853e+00      8.708522e-03     -6.615104e-03
      9.720270e-01     -2.144073e+03     -3.784976e+02     -2.888793e+00      3.028549e+00     -3.262658e-01      3.914826e-03     -6.099991e-01      1.950148e-02      5.719236e+00     -8.708158e-03     -7.636908e-04
      9.734993e-01     -2.159015e+03     -3.807959e+02     -2.869078e+00      2.977684e+00     -3.368126e-01      3.965305e-03     -4.931389e-01      2.375037e-02      5.734633e+00      5.541731e-02      2.461975e-03
      9.749715e-01     -2.173684e+03     -3.832937e+02     -2.849488e+00      2.931566e+00     -3.372102e-01      3.865169e-03     -1.403426e-01      5.991814e-02      5.772013e+00      8.559581e-02      1.199433e-02
      9.764438e-01     -2.188087e+03     -3.860403e+02     -2.830939e+00      2.892153e+00     -3.229762e-01      3.548527e-03      2.531104e-01      1.880478e-01      5.805410e+00      7.166785e-02      3.921926e-02
      9.779161e-01     -2.202253e+03     -3.890785e+02     -2.814287e+00      2.865778e+00     -2.994122e-01      3.107628e-03      5.183038e-01      5.144271e-01      5.852958e+00      3.433028e-02      9.123496e-02
      9.793883e-01     -2.216278e+03     -3.924553e+02     -2.800197e+00      2.872694e+00     -2.651865e-01      2.523895e-03      6.100000e-01      1.020741e+00      5.914791e+00      2.320778e-03      1.111395e-01
      9.808606e-01     -2.230350e+03     -3.962727e+02     -2.789748e+00      2.936262e+00     -2.109181e-01      1.652651e-03      6.100000e-01      1.460160e+00      5.935632e+00     -2.320768e-03      6.449670e-02
      9.823329e-01     -2.244688e+03     -4.006445e+02     -2.784173e+00      3.045100e+00     -1.407544e-01      5.757037e-04      6.100000e-01      1.596538e+00      5.936158e+00      2.320769e-03     -9.986473e-03
      9.838051e-01     -2.259388e+03     -4.055680e+02     -2.783755e+00      3.147519e+00     -7.261156e-02     -4.084940e-04      6.100000e-01      1.389119e+00      5.962791e+00     -2.320769e-03     -7.291915e-02
      9.852774e-01     -2.274355e+03     -4.108819e+02     -2.787449e+00      3.200000e+00     -2.146904e-02     -1.068165e-03      6.100000e-01      9.426764e-01      6.018537e+00      2.320768e-03     -1.055244e-01
      9.867496e-01     -2.289398e+03     -4.163690e+02     -2.793728e+00      3.200000e+00      1.359630e-02     -1.441557e-03      6.100000e-01      4.688921e-01      6.053742e+00     -2.320775e-03     -8.384780e-02
      9.882219e-01     -2.304353e+03     -4.218759e+02     -2.801629e+00      3.169523e+00      4.304489e-02     -1.716236e-03      6.100000e-01      1.704899e-01      6.060048e+00      2.320779e-03     -3.542394e-02
      9.896942e-01     -2.319138e+03     -4.273319e+02     -2.810850e+00      3.128495e+00      7.120172e-02     -1.969391e-03      5.713844e-01      5.370269e-02      6.062260e+00     -1.775548e-02     -1.125603e-02
      9.911664e-01     -2.333742e+03     -4.326973e+02     -2.821093e+00      3.088082e+00      9.311260e-02     -2.124905e-03      3.247771e-01      2.006474e-02      6.094962e+00     -8.081374e-02     -2.189098e-03
      9.926387e-01     -2.348195e+03     -4.379185e+02     -2.831513e+00      3.051145e+00      9.941242e-02     -2.040043e-03     -1.300883e-01      1.514902e-02      6.146002e+00     -1.009965e-01      2.242790e-04
      9.941110e-01     -2.362526e+03     -4.429296e+02     -2.840870e+00      3.014394e+00      8.831858e-02     -1.699747e-03     -5.292947e-01      4.408503e-02      6.163809e+00     -5.856675e-02      1.134148e-02
      9.955832e-01     -2.376753e+03     -4.476975e+02     -2.848308e+00      2.981004e+00      6.965218e-02     -1.273227e-03     -6.024408e-01      2.671864e-01      6.198426e+00      2.933014e-02      7.783242e-02
      9.970555e-01     -2.390931e+03     -4.522443e+02     -2.853561e+00      2.969288e+00      4.737330e-02     -8.266000e-04     -6.100000e-01      7.371604e-01      6.264226e+00     -3.235155e-02      1.100168e-01
      9.985277e-01     -2.405177e+03     -4.566120e+02     -2.856367e+00      2.985977e+00      1.740197e-02     -2.947659e-04     -6.099986e-01      9.637571e-01      6.271356e+00      3.235210e-02     -1.944580e-02
      1.000000e+00     -2.419537e+03     -4.608624e+02     -2.857104e+00      3.000000e+00      0.000000e+00      0.000000e+00      0.000000e+00      6.024202e-01      6.573270e+00      2.114651e-01     -1.249810e-01
