0.0000000000000000     0.000000000e+00     0.000000000e+00     0.000000000e+00     3.000000000e+00     0.000000000e+00     0.000000000e+00     0.000000000e+00     6.024201667e-01     0.000000000e+00     -1.169366238e-01
9.4858394657180813     2.721344425e+01     -3.065039331e-01     4.298055574e-03     2.737395629e+00     -7.638961835e-02     9.062045779e-04     -6.100000000e-01     -1.896993610e+00     8.889445896e+00     -1.167613671e-02
18.9716789342819148     5.011968895e+01     -1.558575502e+00     2.194228529e-02     2.086989789e+00     -2.452127184e-01     2.813915244e-03     -6.100000000e-01     -2.350000000e+00     9.952823848e+00     1.167613670e-02
28.4575183999999979     6.637703705e+01     -4.104059512e+00     5.704338227e-02     1.314436735e+00     -4.129382319e-01     4.586820791e-03     -6.100000000e-01     -2.350000000e+00     1.026287832e+01     -1.167613670e-02
37.9433578571808212     7.556586770e+01     -8.040875852e+00     1.070542349e-01     5.454470464e-01     -5.541668284e-01     5.957496942e-03     -6.100000000e-01     -2.350000000e+00     1.057293279e+01     1.167613670e-02
47.4291973428191653     7.912827069e+01     -1.321356377e+01     1.656893148e-01     4.890092008e-02     -6.143785222e-01     6.405157949e-03     -5.898462291e-01     -1.078594662e+00     1.324853273e+01     -7.426903725e-03
56.9150367999999958     8.037076403e+01     -1.888854783e+01     2.259923196e-01     -2.458666706e-02     -6.085834822e-01     6.309163235e-03     -6.100000000e-01     1.166955191e+00     1.860811817e+01     3.177670755e-03
66.4008762571808262     8.314017945e+01     -2.448591591e+01     2.924473798e-01     2.838254753e-01     -6.927749242e-01     7.702260935e-03     -6.100000000e-01     2.350000000e+00     2.152769266e+01     -3.177670755e-03
75.8867157428191632     9.039521462e+01     -2.956093736e+01     3.763673375e-01     8.045516978e-01     -8.432144800e-01     9.991472558e-03     -6.100000000e-01     2.350000000e+00     2.168881615e+01     3.177670755e-03
85.3725551999999936     1.029348511e+02     -3.309541427e+01     4.786235837e-01     1.289284347e+00     -9.581871227e-01     1.156829483e-02     -6.100000000e-01     2.350000000e+00     2.184993964e+01     -3.177670755e-03
94.8583946571808099     1.200600413e+02     -3.379401838e+01     5.930961430e-01     1.740304479e+00     -1.041080972e+00     1.256716723e-02     -6.100000000e-01     2.350000000e+00     2.201106313e+01     3.177670755e-03
104.3442341428191611     1.408164184e+02     -3.049127183e+01     7.150545234e-01     2.160194030e+00     -1.098496367e+00     1.314660977e-02     -6.100000000e-01     2.350000000e+00     2.217218662e+01     -3.177670755e-03
113.8300735999999915     1.640556951e+02     -2.228415170e+01     8.412081263e-01     2.551117621e+00     -1.137561008e+00     1.345169044e-02     -6.100000000e-01     2.350000000e+00     2.233331011e+01     3.177670755e-03
123.3159130571808220     1.885182735e+02     -8.586012722e+00     9.694911792e-01     2.914728073e+00     -1.164583726e+00     1.359558426e-02     -6.100000000e-01     2.350000000e+00     2.249443360e+01     -3.177670755e-03
132.8017525428191732     2.129112034e+02     1.087275611e+01     1.098745132e+00     3.252314345e+00     -1.184450061e+00     1.365639564e-02     -6.100000000e-01     2.350000000e+00     2.265555709e+01     3.177670755e-03
142.2875919999999894     2.359689330e+02     3.607187227e+01     1.228411686e+00     3.564929023e+00     -1.200530362e+00     1.368257721e-02     -6.100000000e-01     2.350000000e+00     2.281668059e+01     -3.177670755e-03
151.7734314571808056     2.563844759e+02     6.649785454e+01     1.357039233e+00     3.800658759e+00     -1.197722759e+00     1.343733088e-02     -6.100000000e-01     2.113447083e+00     2.310740742e+01     3.177670755e-03
161.2592709428191711     2.728365732e+02     1.006473828e+02     1.480040147e+00     3.859860213e+00     -1.146956166e+00     1.249625441e-02     -6.100000000e-01     1.505182921e+00     2.360123850e+01     -3.177670755e-03
170.7451103999999873     2.845500288e+02     1.362852629e+02     1.591654354e+00     3.752676882e+00     -1.056108062e+00     1.103655101e-02     -6.020013559e-01     9.485714857e-01     2.399324396e+01     4.864109725e-03
180.2309498571808035     2.915986425e+02     1.717359629e+02     1.687892254e+00     3.615808129e+00     -9.373718437e-01     9.254304618e-03     -1.572598898e-01     8.325095495e-01     2.450558353e+01     8.890544391e-02
189.7167893428191405     2.943286630e+02     2.066918312e+02     1.764013611e+00     3.588392200e+00     -7.704460090e-01     6.795167332e-03     4.318116554e-01     1.338425351e+00     2.534921013e+01     3.529474872e-02
199.2026287999999852     2.928042361e+02     2.421832155e+02     1.812067280e+00     3.795834821e+00     -5.339439755e-01     3.336496583e-03     6.100000000e-01     2.061940576e+00     2.605633405e+01     2.274587109e-03
208.6884682571808014     2.870964464e+02     2.798614593e+02     1.824974932e+00     4.202837621e+00     -2.498875814e-01     -6.150396655e-04     6.100000000e-01     2.243704234e+00     2.643210375e+01     -2.274587109e-03
218.1743077428191668     2.783127350e+02     3.202214715e+02     1.805655863e+00     4.500000000e+00     -1.044951622e-02     -3.458204239e-03     6.100000000e-01     1.537463276e+00     2.727099330e+01     2.274587108e-03
227.6601471999999831     2.685778809e+02     3.617934405e+02     1.767161643e+00     4.500000000e+00     1.402046854e-01     -4.657939884e-03     6.100000000e-01     4.522032591e-01     2.855403519e+01     -2.274587108e-03
237.1459866571808277     2.595783915e+02     4.028081477e+02     1.721076215e+00     4.345414840e+00     2.340358653e-01     -5.058738801e-03     6.100000000e-01     -2.371268056e-01     2.917500345e+01     2.274587116e-03
246.6318261428191647     2.519869418e+02     4.425421554e+02     1.672423858e+00     4.167809297e+00     2.973130036e-01     -5.199153075e-03     6.099999997e-01     -6.346145238e-01     2.935024146e+01     -2.274587182e-03
256.1176656000000094     2.461403534e+02     4.805965274e+02     1.625819381e+00     3.929623549e+00     2.984245724e-01     -4.626962333e-03     1.239449531e-01     -1.238040750e+00     3.026728413e+01     -1.002055462e-01
265.6035050571808256     2.424726174e+02     5.158481355e+02     1.590843793e+00     3.529693385e+00     1.885050965e-01     -2.747311388e-03     -6.098108241e-01     -1.793708584e+00     3.132579933e+01     -5.449995553e-02
275.0893445428191626     2.409436795e+02     5.474500853e+02     1.574304921e+00     3.137970670e+00     5.212876271e-02     -7.397540711e-04     -6.099997613e-01     -1.294977006e+00     3.268365281e+01     5.446012090e-02
284.5751839999999788     2.406442197e+02     5.765610284e+02     1.570796327e+00     3.000000000e+00     0.000000000e+00     0.000000000e+00     0.000000000e+00     6.024201667e-01     3.723801695e+01     7.415258842e-02
