0.0000000000000000     0.000000000e+00     0.000000000e+00     0.000000000e+00     3.000000000e+00     0.000000000e+00     0.000000000e+00     0.000000000e+00     6.024201667e-01     0.000000000e+00     -9.032516978e-04
72.7112886593955352     2.136060247e+02     2.429950181e-01     1.015333197e-02     2.875376641e+00     -2.251148033e-02     2.792780091e-04     -8.707120955e-02     3.253229303e-01     6.387350148e-02     -1.491732937e-03
145.4225773406044482     4.130904375e+02     2.670932049e+00     5.240018216e-02     2.611133487e+00     -7.676751949e-02     8.827657660e-04     -1.780316497e-01     2.101783587e-01     8.397500652e-02     -1.010229050e-03
218.1338660000000118     5.935157568e+02     1.168946138e+01     1.367825849e-01     2.354886200e+00     -1.343942523e-01     1.438260427e-03     -2.409105134e-01     2.164008052e-01     9.478410582e-02     -7.193198241e-04
290.8451545939553284     7.563929681e+02     3.202987558e+01     2.538713649e-01     2.153962937e+00     -1.750664363e-01     1.782388859e-03     -2.851222906e-01     2.780887209e-01     1.091346592e-01     -4.967713219e-04
363.5564434060445933     9.046751153e+02     6.686653913e+01     3.900222339e-01     2.026406505e+00     -1.986791814e-01     1.962583112e-03     -3.143610340e-01     3.774211109e-01     1.347131298e-01     -3.074708776e-04
436.2677320000000236     1.041271563e+03     1.182833632e+02     5.390028056e-01     1.975980915e+00     -2.174944613e-01     2.135283242e-03     -3.317753983e-01     4.706811888e-01     1.758357590e-01     -1.715294161e-04
508.9790205939553402     1.167442968e+03     1.881794317e+02     7.019718140e-01     1.976889349e+00     -2.377457406e-01     2.347349685e-03     -3.413748863e-01     5.192340049e-01     2.297508772e-01     -9.251453712e-05
581.6903094060445483     1.281271934e+03     2.778594216e+02     8.783736420e-01     1.992998372e+00     -2.541692423e-01     2.504766989e-03     -3.464973278e-01     5.333647147e-01     2.903082356e-01     -4.838357003e-05
654.4015979999999217     1.378374459e+03     3.866290377e+02     1.063111542e+00     2.000547833e+00     -2.636050981e-01     2.576642056e-03     -3.486737887e-01     5.232016543e-01     3.512069183e-01     -1.148226344e-05
727.1128865939552952     1.454088027e+03     5.111859610e+02     1.250411553e+00     1.991127070e+00     -2.661190216e-01     2.575240543e-03     -3.483747560e-01     5.044130838e-01     4.088768759e-01     1.970747144e-05
799.8241754060445601     1.505190476e+03     6.465047374e+02     1.436162068e+00     1.969348040e+00     -2.640276290e-01     2.534021523e-03     -3.462054435e-01     4.893629755e-01     4.628055981e-01     3.996173707e-05
872.5354640000000472     1.530371363e+03     7.873971846e+02     1.618977635e+00     1.949007579e+00     -2.608189424e-01     2.494511746e-03     -3.427306862e-01     4.943421886e-01     5.155874518e-01     5.561509474e-05
945.2467525939553070     1.529571126e+03     9.295244258e+02     1.799816928e+00     1.941963363e+00     -2.589757836e-01     2.479662034e-03     -3.378595503e-01     5.086173662e-01     5.704883376e-01     7.837058856e-05
1017.9580414060445719     1.503253524e+03     1.068880967e+03     1.979370439e+00     1.940745058e+00     -2.569776666e-01     2.459144980e-03     -3.307105378e-01     5.015200305e-01     6.262349317e-01     1.182704732e-04
1090.6693299999999454     1.453067990e+03     1.200300373e+03     2.154254288e+00     1.910854028e+00     -2.486858806e-01     2.351218093e-03     -3.196552083e-01     4.259623139e-01     6.745216810e-01     1.858179220e-04
1163.3806185939552051     1.383505632e+03     1.317613646e+03     2.317424324e+00     1.822869721e+00     -2.313668107e-01     2.136944311e-03     -3.028477821e-01     2.989872631e-01     7.063271367e-01     2.764879028e-04
1236.0919074060445837     1.301502298e+03     1.416502355e+03     2.464238396e+00     1.692954664e+00     -2.103517985e-01     1.901330205e-03     -2.792452251e-01     1.998509460e-01     7.220377960e-01     3.727251009e-04
1308.8031959999998435     1.213522145e+03     1.496391175e+03     2.594535980e+00     1.558585809e+00     -1.893806636e-01     1.682641035e-03     -2.488020211e-01     1.526569981e-01     7.294075603e-01     4.646470478e-04
1381.5144845939553306     1.123740301e+03     1.559255402e+03     2.709106775e+00     1.440182254e+00     -1.685634132e-01     1.468748441e-03     -2.122657347e-01     1.320609553e-01     7.341089536e-01     5.403216993e-04
1454.2257734060444818     1.034416442e+03     1.607821870e+03     2.808456411e+00     1.342346581e+00     -1.484064867e-01     1.263967153e-03     -1.712897740e-01     1.278498738e-01     7.380327061e-01     5.867649327e-04
1526.9370619999997416     9.466369833e+02     1.644732024e+03     2.893385470e+00     1.264967048e+00     -1.292472276e-01     1.072095387e-03     -1.283515264e-01     1.352338075e-01     7.420753435e-01     5.942964525e-04
1599.6483505939552288     8.607028175e+02     1.672283328e+03     2.964916689e+00     1.207613610e+00     -1.112649971e-01     8.954455669e-04     -8.604905902e-02     1.563310767e-01     7.470522179e-01     5.692771307e-04
1672.3596394060446073     7.762364299e+02     1.692390963e+03     3.024209300e+00     1.173223622e+00     -9.455024292e-02     7.354596791e-04     -4.640136175e-02     2.011499908e-01     7.546567033e-01     5.212742266e-04
1745.0709280000000945     6.919361308e+02     1.706608593e+03     3.072316417e+00     1.172956701e+00     -7.876619045e-02     5.877768665e-04     -1.026780144e-02     2.824571014e-01     7.689209744e-01     4.726171203e-04
1817.7822165939553543     6.050133619e+02     1.716122469e+03     3.109478841e+00     1.228850878e+00     -6.249473414e-02     4.344144627e-04     2.092854776e-02     3.945984527e-01     7.964832695e-01     3.854710739e-04
1890.4935054060445054     5.109504432e+02     1.721771147e+03     3.134672937e+00     1.361425522e+00     -4.403443475e-02     2.585754845e-04     4.118941233e-02     5.053449806e-01     8.430876150e-01     1.718251850e-04
1963.2047939999999926     4.038437381e+02     1.724277641e+03     3.146854571e+00     1.584890212e+00     -2.382960328e-02     7.649309227e-05     4.381786290e-02     6.195547624e-01     9.146436058e-01     -9.952690466e-05
2035.9160825939552524     2.740180533e+02     1.724624239e+03     3.147590338e+00     1.985997509e+00     -5.955200662e-03     -5.625507887e-05     2.940967214e-02     8.446085039e-01     1.042585390e+00     -2.967854432e-04
2108.6273714060444036     1.063676172e+02     1.724180021e+03     3.143568901e+00     2.625410234e+00     1.073991592e-03     -5.435874335e-05     1.018436876e-02     1.032299882e+00     1.243963439e+00     -2.320266225e-04
2181.3386599999998907     -9.814753291e+01     1.723952346e+03     3.141592654e+00     3.000000000e+00     0.000000000e+00     0.000000000e+00     0.000000000e+00     6.024201667e-01     1.457434912e+00     -4.810508604e-05
