0.0000000000000000     0.000000000e+00     0.000000000e+00     0.000000000e+00     3.000000000e+00     0.000000000e+00     0.000000000e+00     0.000000000e+00     6.024201667e-01     0.000000000e+00     7.380781861e-03
12.3252722321008061     3.685588760e+01     2.960984258e-02     -6.154524277e-04     2.980535797e+00     6.639113034e-03     -9.986865120e-05     1.251671158e-01     3.824092509e-01     6.268299058e-02     1.292986336e-02
24.6505444678991950     7.328209178e+01     1.591075922e-01     -3.640884401e-03     2.930197599e+00     2.687730089e-02     -3.910629536e-04     2.657004542e-01     2.211477967e-01     1.048953436e-01     9.874231467e-03
36.9758167000000029     1.089868966e+02     4.196995050e-01     -1.101941955e-02     2.863017932e+00     5.762880667e-02     -8.062389596e-04     3.698308816e-01     1.239201953e-01     1.233358419e-01     7.022827755e-03
49.3010889210080592     1.438277434e+02     7.474332507e-01     -2.371853337e-02     2.788655533e+00     9.326647244e-02     -1.254423791e-03     4.401574667e-01     7.739350480e-02     1.302215242e-01     4.388942103e-03
61.6263611789919423     1.777556258e+02     1.013040597e+00     -4.178240807e-02     2.712296028e+00     1.294022358e-01     -1.676769163e-03     4.801378256e-01     6.408905586e-02     1.320645169e-01     2.098599622e-03
73.9516334000000057     2.107688582e+02     1.063556320e+00     -6.468584715e-02     2.636643837e+00     1.629765606e-01     -2.039731295e-03     4.941373044e-01     8.563781056e-02     1.335023500e-01     1.730708985e-04
86.2769056210080691     2.428994862e+02     7.477508358e-01     -9.159003343e-02     2.565308190e+00     1.919867220e-01     -2.325963292e-03     4.864342360e-01     1.511222415e-01     1.379077184e-01     -1.423034115e-03
98.6021778789919381     2.742379452e+02     -7.485683635e-02     -1.215024434e-01     2.505505824e+00     2.152265236e-01     -2.527870408e-03     4.610702127e-01     2.824382263e-01     1.562797855e-01     -2.692740829e-03
110.9274501000000015     3.049957279e+02     -1.537905069e+00     -1.534757057e-01     2.471293145e+00     2.331675106e-01     -2.660374122e-03     4.220475060e-01     5.182770441e-01     2.116516644e-01     -3.639404361e-03
123.2527223210080649     3.356774537e+02     -3.775418607e+00     -1.874653568e-01     2.497166108e+00     2.541396764e-01     -2.855066238e-03     3.731153144e-01     9.146464031e-01     3.703801304e-01     -4.300735339e-03
135.5779945789919338     3.676865200e+02     -7.042002862e+00     -2.259460669e-01     2.695243629e+00     2.970055443e-01     -3.389130287e-03     3.170491117e-01     1.608704549e+00     8.573472013e-01     -4.797027625e-03
147.9032668000000115     4.041105901e+02     -1.216356034e+01     -2.737388452e-01     3.237091759e+00     3.722411561e-01     -4.366118969e-03     2.556153636e-01     2.350000000e+00     1.473473784e+00     -5.171717400e-03
160.2285390210080607     4.479488258e+02     -2.076847556e+01     -3.318168968e-01     3.970357688e+00     4.376699342e-01     -5.058103281e-03     1.910835964e-01     2.349999786e+00     1.968682455e+00     -5.299737673e-03
172.5538112789919580     4.982372964e+02     -3.409311328e+01     -3.926729775e-01     4.430125576e+00     4.466515923e-01     -4.816904813e-03     1.272250935e-01     1.575466621e+00     2.632737809e+00     -5.062467983e-03
184.8790835000000072     5.506245340e+02     -5.168611428e+01     -4.475873431e-01     4.500000000e+00     4.163647091e-01     -4.093951750e-03     6.849233882e-02     8.388984793e-01     3.172862431e+00     -4.467991645e-03
197.2043557210080564     6.016548156e+02     -7.215810797e+01     -4.937075638e-01     4.389975458e+00     3.754809099e-01     -3.389894556e-03     1.858363368e-02     4.290320320e-01     3.337364852e+00     -3.630605153e-03
209.5296279789919538     6.500759761e+02     -9.439159406e+01     -5.316725907e-01     4.229108789e+00     3.318116874e-01     -2.770622974e-03     -1.998709288e-02     1.981958768e-01     3.389874315e+00     -2.628198031e-03
221.8549002000000030     6.957012022e+02     -1.176874892e+02     -5.625255205e-01     4.061924990e+00     2.886672891e-01     -2.235827193e-03     -4.530951133e-02     8.363559245e-02     3.403720289e+00     -1.480825762e-03
234.1801724210080522     7.387115087e+02     -1.415958067e+02     -5.873596051e-01     3.905950730e+00     2.488178452e-01     -1.793955684e-03     -5.584794659e-02     3.831350762e-02     3.406088037e+00     -2.292273814e-04
246.5054446789919496     7.793999462e+02     -1.658125054e+02     -6.073704925e-01     3.764077308e+00     2.143581809e-01     -1.453175547e-03     -5.074329612e-02     2.536796858e-02     3.406416296e+00     1.057549934e-03
258.8307168999999703     8.180539797e+02     -1.901160740e+02     -6.238380892e-01     3.634573450e+00     1.868221951e-01     -1.218992216e-03     -3.011700278e-02     3.453063153e-02     3.407029297e+00     2.289441994e-03
271.1559891210080764     8.549306983e+02     -2.143495225e+02     -6.380826096e-01     3.517286744e+00     1.671928122e-01     -1.092440905e-03     4.581512824e-03     1.112197144e-01     3.415554156e+00     3.341024409e-03
283.4812613789919737     8.903525706e+02     -2.384912503e+02     -6.513750754e-01     3.431289045e+00     1.555320650e-01     -1.064504025e-03     5.007488102e-02     4.143108122e-01     3.518904537e+00     4.041103520e-03
295.8065336000000229     9.253805081e+02     -2.631622645e+02     -6.652784577e-01     3.514164323e+00     1.557457871e-01     -1.191573228e-03     1.011243058e-01     1.401785816e+00     4.565517587e+00     4.242595825e-03
308.1318058210080721     9.628983980e+02     -2.904552881e+02     -6.839065349e-01     4.006412649e+00     1.925526548e-01     -1.831171863e-03     1.511430700e-01     2.349993432e+00     5.683269001e+00     3.873860069e-03
320.4570780789919695     1.004789906e+03     -3.220824309e+02     -7.113457648e-01     4.499995013e+00     2.480103775e-01     -2.621343297e-03     1.922357664e-01     1.562565715e+00     7.470386388e+00     2.794178670e-03
332.7823503000000187     1.048289712e+03     -3.566262068e+02     -7.446470327e-01     4.499983826e+00     2.642526156e-01     -2.782394346e-03     2.126449591e-01     -7.290033222e-01     1.187012639e+01     5.175847255e-04
345.1076225210080679     1.087507494e+03     -3.901096863e+02     -7.718134909e-01     3.858835258e+00     1.581927024e-01     -1.625858637e-03     1.929198155e-01     -2.349999999e+00     1.491282237e+01     -3.718348688e-03
357.4328947789919653     1.119179543e+03     -4.196411286e+02     -7.836156151e-01     3.166274365e+00     2.937370273e-02     -2.892512162e-04     1.067815865e-01     -1.273069245e+00     1.835506706e+01     -1.025914850e-02
369.7581670000000145     1.146202302e+03     -4.463586988e+02     -7.853981634e-01     3.000000000e+00     0.000000000e+00     0.000000000e+00     0.000000000e+00     6.024201667e-01     2.192353521e+01     -7.068109588e-03
