10 0
31 0
0.0000000000000000     2.496391144e-10     7.739165105e-11     0.000000000e+00     0.000000000e+00     0.000000000e+00     0.000000000e+00     0.000000000e+00     0.000000000e+00     0.000000000e+00     -2.277162011e-03     5.872231120e-02
3.3333333330000001     1.439965368e-03     -3.341681099e-05     5.187697406e-07     8.639790281e-04     -2.005058278e-05     3.060458800e-07     -9.638138411e-03     1.953188048e-01     1.149308474e-01     -3.505721025e-03     5.846897145e-02
6.6666666670000003     1.146624708e-02     -3.072559514e-04     4.746716447e-06     5.151789288e-03     -1.442778034e-04     2.228114165e-06     -1.995638400e-02     3.889440587e-01     2.286800560e-01     -2.685226316e-03     5.770618068e-02
10.0000000000000000     4.698605281e-02     -1.410547609e-03     2.189282354e-05     1.616008208e-02     -5.180754339e-04     8.056942095e-06     -2.748678096e-02     5.791830484e-01     3.398759196e-01     -1.833011854e-03     5.643721290e-02
13.3333333300000003     1.354800690e-01     -4.428776077e-03     6.904412588e-05     3.693622681e-02     -1.295765666e-03     2.023123129e-05     -3.215185810e-02     7.643689843e-01     4.474534267e-01     -9.660344268e-04     5.467434844e-02
16.6666666699999979     3.139856745e-01     -1.088381202e-02     1.703286620e-04     7.016660648e-02     -2.591757547e-03     4.053688230e-05     -3.392288319e-02     9.428880285e-01     5.504844835e-01     -9.658062114e-05     5.243707788e-02
20.0000000000000000     6.277329747e-01     -2.251197358e-02     3.535928615e-04     1.180797707e-01     -4.438843241e-03     6.941902924e-05     -3.279289175e-02     1.113199515e+00     6.482140784e-01     7.745754814e-04     4.974981364e-02
23.3333333299999985     1.128488293e+00     -4.090976727e-02     6.451313196e-04     1.823675348e-01     -6.759237798e-03     1.055014373e-04     -2.881506765e-02     1.273848786e+00     7.400820818e-01     1.612118972e-03     4.663974897e-02
26.6666666700000015     1.872667332e+00     -6.710466743e-02     1.063383098e-03     2.641257654e-01     -9.356226783e-03     1.454470214e-04     -2.221285865e-02     1.423473315e+00     8.257270732e-01     2.349206421e-03     4.313496847e-02
30.0000000000000000     2.919284033e+00     -1.011405238e-01     1.612922749e-03     3.638156799e-01     -1.193298095e-02     1.842741604e-04     -1.342879165e-02     1.560803327e+00     9.049767238e-01     2.921233768e-03     3.926303823e-02
33.3333333299999950     4.327803420e+00     -1.417802873e-01     2.280182760e-03     4.812461979e-01     -1.413506405e-02     2.160792379e-04     -3.053419697e-03     1.684659310e+00     9.778405985e-01     3.303989395e-03     3.505055154e-02
36.6666666699999979     6.155969063e+00     -1.864061241e-01     3.031926199e-03     6.155777245e-01     -1.560425814e-02     2.349642164e-04     8.272543378e-03     1.793949708e+00     1.044511331e+00     3.491588437e-03     3.052368718e-02
40.0000000000000000     8.457677827e+00     -2.311576434e-01     3.816887386e-03     7.653474232e-01     -1.603446310e-02     2.360098870e-04     1.986270157e-02     1.887671762e+00     1.105366738e+00     3.462506464e-03     2.570954504e-02
43.3333333300000021     1.128097591e+01     -2.713166933e-01     4.570613837e-03     9.285159012e-01     -1.522635335e-02     2.162233748e-04     3.094938441e-02     1.964917486e+00     1.160972182e+00     3.189503231e-03     2.063788905e-02
46.6666666699999979     1.466624988e+01     -3.019090469e-01     5.223144274e-03     1.102535034e+00     -1.313194314e-02     1.752922786e-04     4.073406496e-02     2.024885585e+00     1.212089020e+00     2.681305083e-03     1.534297075e-02
50.0000000000000000     1.864468282e+01     -3.184342421e-01     5.708440410e-03     1.284435735e+00     -9.874272399e-03     1.158827949e-04     4.849745069e-02     2.066898884e+00     1.259680549e+00     1.976726346e-03     9.865008567e-03
53.3333333300000021     2.323703694e+01     -3.175871523e-01     5.973889108e-03     1.470933265e+00     -5.736961946e-03     4.338381550e-05     5.364790828e-02     2.090425237e+00     1.304899212e+00     1.113548200e-03     4.250803330e-03
56.6666666699999979     2.845281183e+01     -2.978363738e-01     5.988262100e-03     1.658546598e+00     -1.131585952e-03     -3.476262846e-05     5.573743976e-02     2.095098537e+00     1.349052828e+00     1.401706878e-04     -1.446823588e-03
60.0000000000000000     3.428981246e+01     -2.597524314e-01     5.746855794e-03     1.843727035e+00     3.454660652e-03     -1.100837627e-04     5.452714952e-02     2.080735950e+00     1.393552042e+00     -8.663448303e-04     -7.170728527e-03
63.3333333299999950     4.073414454e+01     -2.060059958e-01     5.272776669e-03     2.022990335e+00     7.531060506e-03     -1.743663199e-04     5.005190816e-02     2.047348378e+00     1.439839266e+00     -1.818799983e-03     -1.286181489e-02
66.6666666699999979     4.776063905e+01     -1.410100065e-01     4.613871042e-03     2.193046821e+00     1.068162521e-02     -2.209796635e-04     4.262665762e-02     1.995142605e+00     1.489309032e+00     -2.636350329e-03     -1.846164890e-02
70.0000000000000000     5.533369392e+01     -7.026470449e-02     3.835684049e-03     2.350924455e+00     1.262998189e-02     -2.459351391e-04     3.283046995e-02     1.924514906e+00     1.543234374e+00     -3.241362266e-03     -2.391497042e-02
73.3333333299999879     6.340850658e+01     4.600082475e-04     3.011799490e-03     2.494080170e+00     1.327595944e-02     -2.483982034e-04     2.143089482e-02     1.836037187e+00     1.602714432e+00     -3.598382798e-03     -2.917166043e-02
76.6666666700000121     7.193265568e+01     6.592909983e-02     2.213635325e-03     2.620495095e+00     1.269311293e-02     -2.305029028e-04     9.205917350e-03     1.730438976e+00     1.668652781e+00     -3.736603669e-03     -3.418726612e-02
80.0000000000000000     8.084797252e+01     1.220714575e-01     1.501777761e-03     2.728749254e+00     1.109355601e-02     -1.966142430e-04     -3.116604367e-03     1.608588785e+00     1.741747541e+00     -3.656909347e-03     -3.892284872e-02
83.3333333300000021     9.009262688e+01     1.663607395e-01     9.198251939e-04     2.818072368e+00     8.789922398e-03     -1.525599044e-04     -1.458015953e-02     1.471478931e+00     1.822467556e+00     -3.221223737e-03     -4.334306305e-02
86.6666666699999979     9.960334204e+01     1.979715119e-01     4.904502257e-04     2.888369366e+00     6.167810496e-03     -1.050676840e-04     -2.367041318e-02     1.320218453e+00     1.911041976e+00     -2.232928444e-03     -4.741322367e-02
90.0000000000000000     1.093176491e+02     2.177404574e-01     2.135027719e-04     2.940219052e+00     3.649211365e-03     -6.110339588e-05     -2.825206821e-02     1.156043141e+00     2.007499950e+00     -5.160645652e-04     -5.109196332e-02
93.3333333300000021     1.191760806e+02     2.279204322e-01     6.686137592e-05     2.974840803e+00     1.632126748e-03     -2.688404954e-05     -2.577813059e-02     9.803405945e-01     2.111760106e+00     2.000427131e-03     -5.432956455e-02
96.6666666699999979     1.291241784e+02     2.317084779e-01     1.102514001e-05     2.994018025e+00     4.087892380e-04     -6.620299920e-06     -1.428470270e-02     7.946801523e-01     2.223661005e+00     4.895629594e-03     -5.706670055e-02
100.0000000000000000     1.391142085e+02     2.324447874e-01     0.000000000e+00     3.000000000e+00     0.000000000e+00     0.000000000e+00     0.000000000e+00     6.024201667e-01     2.340161867e+00     3.675192010e-03     -5.828929063e-02
