0.0000000000000000     0.000000000e+00     0.000000000e+00     0.000000000e+00     3.000000000e+00     0.000000000e+00     0.000000000e+00     0.000000000e+00     6.024201667e-01     0.000000000e+00     7.332581213e-04
113.0063815220326831     3.224316023e+02     -6.638940895e-01     -1.525143574e-03     2.706446532e+00     -7.621965247e-03     -2.699216722e-05     1.090402031e-01     -2.137279251e-04     1.010407433e-01     1.196547994e-03
226.0127630779672927     6.013366741e+02     -3.654232234e+00     -2.539699402e-02     2.229988973e+00     1.546023843e-02     -3.954946006e-04     2.211229931e-01     -1.144536206e-01     1.099408979e-01     7.871061755e-04
339.0191446000000042     8.345589135e+02     -1.279746731e+01     -1.005120007e-01     1.900458496e+00     7.040841645e-02     -9.338994682e-04     2.968484914e-01     -6.927863874e-02     1.140263708e-01     5.530924457e-04
452.0255260203269358     1.032929069e+03     -3.399407655e+01     -2.226163756e-01     1.629234356e+00     1.078721877e-01     -1.227117870e-03     3.504074808e-01     -1.404078646e-02     1.158728035e-01     3.948007366e-04
565.0319077796730198     1.201950977e+03     -7.060575452e+01     -3.739834078e-01     1.426980884e+00     1.373451207e-01     -1.451793358e-03     3.883952100e-01     1.486717621e-01     1.222339617e-01     2.775104850e-04
678.0382892000000083     1.348563342e+03     -1.241403546e+02     -5.492386176e-01     1.326566550e+00     1.624047306e-01     -1.649893599e-03     4.145453795e-01     2.931662610e-01     1.427078084e-01     1.852982369e-04
791.0446706203268832     1.477150146e+03     -1.968183056e+02     -7.395794531e-01     1.276239991e+00     1.731210217e-01     -1.718780505e-03     4.310999445e-01     2.800123476e-01     1.715789519e-01     1.076863685e-04
904.0510523796730240     1.585028425e+03     -2.864236987e+02     -9.314225364e-01     1.192007220e+00     1.725613895e-01     -1.676480552e-03     4.393171322e-01     1.744552803e-01     1.910354075e-01     3.774236925e-05
1017.0574337999998988     1.668163657e+03     -3.851498248e+02     -1.114522508e+00     1.076140203e+00     1.642477037e-01     -1.564043903e-03     4.393357057e-01     1.147392414e-01     1.988425870e-01     -3.741365436e-05
1130.0638152203268874     1.727018206e+03     -4.855638711e+02     -1.284090520e+00     9.661720730e-01     1.530344062e-01     -1.436990378e-03     4.307268057e-01     9.316118476e-02     2.025967136e-01     -1.149476527e-04
1243.0701969796728008     1.765135638e+03     -5.835025776e+02     -1.438880043e+00     8.759776277e-01     1.405920238e-01     -1.302492486e-03     4.142166485e-01     9.586021916e-02     2.056856199e-01     -1.772510166e-04
1356.0765784000000167     1.786417768e+03     -6.780813315e+02     -1.579625663e+00     8.228816850e-01     1.293326602e-01     -1.188439754e-03     3.926505659e-01     1.800011098e-01     2.137410339e-01     -2.044280053e-04
1469.0829598203270052     1.793592955e+03     -7.728257447e+02     -1.715186418e+00     8.432229637e-01     1.275831549e-01     -1.210730165e-03     3.695744564e-01     3.183778963e-01     2.381620479e-01     -2.039756478e-04
1582.0893415796729187     1.786344312e+03     -8.731912973e+02     -1.859131305e+00     9.232325977e-01     1.348827668e-01     -1.336823066e-03     3.458568341e-01     3.567736787e-01     2.778571551e-01     -2.157815720e-04
1695.0957229999999072     1.762536655e+03     -9.780491909e+02     -2.009343991e+00     9.664374147e-01     1.350114651e-01     -1.321658416e-03     3.214617958e-01     2.460352505e-01     3.111168459e-01     -2.159646360e-04
1808.1021044203268957     1.723282685e+03     -1.078762327e+03     -2.150209474e+00     9.339851126e-01     1.252468770e-01     -1.171395183e-03     2.993301786e-01     1.343782482e-01     3.258610892e-01     -1.757232827e-04
1921.1084861796728092     1.672882161e+03     -1.169062884e+03     -2.274908264e+00     8.843722558e-01     1.142679306e-01     -1.035538415e-03     2.816711458e-01     1.489871134e-01     3.331712295e-01     -1.368083201e-04
2034.1148675999997977     1.613583224e+03     -1.249520363e+03     -2.388190131e+00     8.738229355e-01     1.070974836e-01     -9.693371622e-04     2.664647773e-01     2.419992279e-01     3.476525211e-01     -1.323157482e-04
2147.1212490203265588     1.543951325e+03     -1.323474808e+03     -2.498313185e+00     9.143673384e-01     1.055815473e-01     -9.796333630e-04     2.490692796e-01     3.023529532e-01     3.735710340e-01     -1.755517800e-04
2260.1276307796729270     1.461860907e+03     -1.392239591e+03     -2.609639599e+00     9.723986790e-01     1.054189162e-01     -9.906343859e-04     2.241099634e-01     2.988215896e-01     4.043100302e-01     -2.661810813e-04
2373.1340121999996882     1.367950353e+03     -1.453852234e+03     -2.718538976e+00     1.008004097e+00     1.014709833e-01     -9.366793707e-04     1.882966468e-01     2.547566471e-01     4.307620823e-01     -3.676471357e-04
2486.1403936203264493     1.266072786e+03     -1.505529966e+03     -2.818058657e+00     1.007328850e+00     9.280615729e-02     -8.246314445e-04     1.441481561e-01     1.933957727e-01     4.486096553e-01     -4.136979548e-04
2599.1467753796732723     1.160975753e+03     -1.546132486e+03     -2.903928080e+00     9.812569477e-01     8.162133546e-02     -6.950955215e-04     9.903832498e-02     1.527922971e-01     4.592715218e-01     -3.846610489e-04
2712.1531568000000334     1.055880997e+03     -1.576438211e+03     -2.975524401e+00     9.501484749e-01     6.990295370e-02     -5.720244418e-04     6.067443842e-02     1.460258998e-01     4.669949173e-01     -2.943074491e-04
2825.1595382203267945     9.519880036e+02     -1.598114352e+03     -3.033900723e+00     9.248403194e-01     5.855415799e-02     -4.611264578e-04     3.370241620e-02     1.482434068e-01     4.744043654e-01     -1.830465171e-04
2938.1659199796731627     8.490746582e+02     -1.612877086e+03     -3.080603508e+00     9.128125403e-01     4.810448060e-02     -3.654248182e-04     1.560303618e-02     1.785428139e-01     4.837350924e-01     -1.372784022e-04
3051.1723013999999239     7.428032850e+02     -1.622220333e+03     -3.115795762e+00     9.738877204e-01     3.659735931e-02     -2.574117714e-04     -1.965995510e-04     3.475649542e-01     5.131717091e-01     -1.423453768e-04
3164.1786828203266850     6.093638470e+02     -1.627266412e+03     -3.135729635e+00     1.389144847e+00     1.945620972e-02     -9.538020477e-05     1.892231833e-03     7.450837890e-01     6.430793643e-01     1.793137560e-04
3277.1850645796730532     3.969063237e+02     -1.629128941e+03     -3.141355787e+00     2.371092105e+00     4.801202466e-03     -4.192091874e-06     1.273703461e-02     1.038511163e+00     9.321553251e-01     1.261881681e-05
3390.1914459999998144     9.342254984e+01     -1.629431958e+03     -3.141592654e+00     3.000000000e+00     0.000000000e+00     0.000000000e+00     0.000000000e+00     6.024201667e-01     1.215787765e+00     -2.380403273e-04
