01 0
31 0
0.0000000000000000     2.496391144e-10     7.739165105e-11     0.000000000e+00     0.000000000e+00     0.000000000e+00     0.000000000e+00     0.000000000e+00     0.000000000e+00     0.000000000e+00     -1.986217494e-02     4.053531935e-01
1.6682292271665105     4.144752465e-03     -1.625291579e-04     2.550655693e-06     4.969043567e-03     -1.948650758e-04     3.057919854e-06     -3.227006623e-02     6.622743788e-01     2.637689156e+00     -1.882563280e-02     3.886316780e-01
3.3364584548334895     3.179143174e-02     -1.542372871e-03     2.439527687e-05     2.817586129e-02     -1.460096489e-03     2.313107257e-05     -6.022117144e-02     1.269818453e+00     4.870130828e+00     -1.468427677e-02     3.397383431e-01
5.0046876820000001     1.235741065e-01     -6.963395907e-03     1.107041119e-04     8.185959287e-02     -5.048787591e-03     8.034251968e-05     -7.871427449e-02     1.772260708e+00     6.422360515e+00     -7.486660947e-03     2.626276254e-01
6.6729169076651038     3.322242335e-01     -2.057825729e-02     3.284506127e-04     1.682817682e-01     -1.133807826e-02     1.807085376e-04     -8.439744202e-02     2.127925779e+00     7.241054906e+00     6.732475815e-04     1.637706944e-01
8.3411461383348957     7.053617986e-01     -4.580211876e-02     7.337928229e-04     2.790462100e-01     -1.916224439e-02     3.052465161e-04     -7.748384296e-02     2.307441687e+00     7.511990027e+00     7.615300328e-03     5.144661667e-02
10.0093753640000003     1.272368740e+00     -8.335622433e-02     1.341041276e-03     4.006755132e-01     -2.660258542e-02     4.227690892e-04     -6.088063973e-02     2.350000000e+00     7.562954582e+00     1.228988161e-02     -4.244815706e-04
11.6776045896651048     2.043881159e+00     -1.311285279e-01     2.120306843e-03     5.241695590e-01     -3.231930169e-02     5.114737069e-04     -3.828231668e-02     2.350000000e+00     7.593683553e+00     1.480270571e-02     4.244810104e-04
13.3458338203348958     3.021141947e+00     -1.854161921e-01     3.016938106e-03     6.472724623e-01     -3.582928997e-02     5.634760064e-04     -1.285931693e-02     2.350000000e+00     7.625202470e+00     1.567631881e-02     -4.244811336e-04
15.0140630460000004     4.203472121e+00     -2.420301204e-01     3.968668564e-03     7.699486881e-01     -3.705268657e-02     5.775308103e-04     1.303447617e-02     2.350000000e+00     7.656863424e+00     1.536712863e-02     4.244811931e-04
16.6822922716651050     5.590115347e+00     -2.968286759e-01     4.913621255e-03     8.921570947e-01     -3.608408210e-02     5.553503039e-04     3.770736307e-02     2.350000000e+00     7.688159461e+00     1.421260368e-02     -4.244812341e-04
18.3505215023348960     7.180237154e+00     -3.460084922e-01     5.794461924e-03     1.013860281e+00     -3.313585819e-02     5.006684448e-04     5.996163788e-02     2.350000000e+00     7.718782287e+00     1.246751265e-02     4.244812668e-04
20.0187507280000005     8.972939282e+00     -3.863031811e-01     6.561172339e-03     1.135029782e+00     -2.849546189e-02     4.185222799e-04     7.897378412e-02     2.350000000e+00     7.748609550e+00     1.032569352e-02     -4.244812666e-04
21.6869799536651051     1.096728174e+01     -4.151091560e-01     7.172772253e-03     1.255647982e+00     -2.249399487e-02     3.147101861e-04     9.420588295e-02     2.350000000e+00     7.777665562e+00     7.935704477e-03     4.244812635e-04
23.3552091843348961     1.316230665e+01     -4.305549965e-01     7.598258630e-03     1.375707742e+00     -1.548396077e-02     1.953952250e-04     1.053419929e-01     2.350000000e+00     7.806076833e+00     5.415110743e-03     -4.244812299e-04
25.0234384100000007     1.555705953e+01     -4.315278386e-01     7.816973983e-03     1.495210629e+00     -7.823828487e-03     6.681736361e-05     1.122388482e-01     2.350000000e+00     7.834030728e+00     2.853363638e-03     4.244811966e-04
26.6916676356651053     1.815060568e+01     -4.176692788e-01     7.818588435e-03     1.614164504e+00     1.300254108e-04     -6.488183611e-05     1.148594190e-01     2.350000000e+00     7.861740726e+00     2.883758368e-04     -4.244811575e-04
28.3598968663348963     2.094204052e+01     -3.893559711e-01     7.602923245e-03     1.732581174e+00     8.021441824e-03     -1.936739882e-04     1.131816093e-01     2.350000000e+00     7.889426933e+00     -2.299861740e-03     4.244811186e-04
30.0281260920000008     2.393049431e+01     -3.476760322e-01     7.179826498e-03     1.850474354e+00     1.548974283e-02     -3.135665538e-04     1.071378733e-01     2.350000000e+00     7.917316481e+00     -4.945828377e-03     -4.244810894e-04
31.6963553176651018     2.711513126e+01     -2.944021160e-01     6.569152984e-03     1.967857474e+00     2.216692056e-02     -4.185552753e-04     9.662410227e-02     2.350000000e+00     7.945651187e+00     -7.658879634e-03     4.244810608e-04
33.3645845483348964     3.049514251e+01     -2.319586162e-01     5.800785737e-03     2.084740623e+00     2.767590772e-02     -5.026217868e-04     8.155713973e-02     2.350000000e+00     7.974684824e+00     -1.040454048e-02     -4.244810411e-04
35.0328137739999974     3.406973169e+01     -1.633770636e-01     4.914585791e-03     2.201126258e+00     3.163507221e-02     -5.598220723e-04     6.197011581e-02     2.350000000e+00     8.004655774e+00     -1.307787280e-02     4.244810333e-04
36.7010429996651055     3.783809185e+01     -9.222567411e-02     3.960037716e-03     2.317003913e+00     3.367428878e-02     -5.845627178e-04     3.816089611e-02     2.350000000e+00     8.035719047e+00     -1.546642970e-02     -4.244810124e-04
38.3692722303349001     4.179937423e+01     -2.249127575e-02     2.995204758e-03     2.432345178e+00     3.346826294e-02     -5.721523720e-04     1.091056099e-02     2.350000000e+00     8.067824332e+00     -1.720334350e-02     4.244810186e-04
40.0375014560000011     4.595265290e+01     4.161628039e-02     2.084444261e-03     2.547101863e+00     3.079431633e-02     -5.197365397e-04     -1.820633393e-02     2.350000000e+00     8.100548767e+00     -1.770420341e-02     -4.244810080e-04
41.7057306816651092     5.029689607e+01     9.597639709e-02     1.294134852e-03     2.661212157e+00     2.562355744e-02     -4.277464518e-04     -4.638352006e-02     2.350000000e+00     8.132960468e+00     -1.607674910e-02     4.244810840e-04
43.3739599123348967     5.482914769e+01     1.371482111e-01     6.835728073e-04     2.772444204e+00     1.839723462e-02     -3.042417371e-04     -6.905912193e-02     2.307145866e+00     8.185668498e+00     -1.110848593e-02     -5.180127286e-02
45.0421891380000048     5.953712862e+01     1.635649867e-01     2.853413516e-04     2.871857536e+00     1.055858160e-02     -1.731884013e-04     -7.993034408e-02     2.121440730e+00     8.477128972e+00     -1.924761329e-03     -1.708361592e-01
46.7104183636651058     6.439001968e+01     1.768306726e-01     8.274511366e-05     2.946160635e+00     4.282091320e-03     -6.969936759e-05     -7.267558549e-02     1.749276623e+00     9.372827448e+00     1.062231764e-02     -2.753424617e-01
48.3786475943349004     6.933953814e+01     1.813983480e-01     1.230392619e-05     2.987698683e+00     9.134443881e-04     -1.475088184e-05     -4.419989941e-02     1.223033494e+00     1.107665171e+01     2.351649963e-02     -3.555578019e-01
50.0468768200000014     7.433396511e+01     1.821909278e-01     0.000000000e+00     3.000000000e+00     0.000000000e+00     0.000000000e+00     0.000000000e+00     6.024201667e-01     1.340648215e+01     2.947369900e-02     -3.884806298e-01
