05 0
31 0
0.0000000000000000     2.496391144e-10     7.739165105e-11     0.000000000e+00     3.000000000e+00     0.000000000e+00     0.000000000e+00     0.000000000e+00     6.024201667e-01     0.000000000e+00     0.000000000e+00     -7.438915367e-03
14.9879012085012082     4.496406375e+01     -1.137079320e-01     2.532874379e-03     3.000000000e+00     -2.277198423e-02     3.379892012e-04     -3.450528654e-01     6.285766317e-01     1.890168392e-01     -4.604418731e-02     1.092925929e-02
29.9758024214987877     8.993466456e+01     -5.384650772e-01     1.396592515e-02     3.000000000e+00     -8.341125503e-02     1.187648126e-03     -6.100000000e-01     6.954669608e-01     3.854652917e-01     1.068938599e-02     -2.003349229e-03
44.9637036299999977     1.349340439e+02     -1.161208503e+00     3.888909159e-02     3.000000000e+00     -1.583503728e-01     2.138123255e-03     -6.016796953e-01     7.255319856e-01     4.266250957e-01     -9.579116513e-03     6.015255157e-03
59.9516048250120903     1.799933134e+02     -1.465761139e+00     7.709555273e-02     3.000000000e+00     -2.307901668e-01     2.960183787e-03     -6.100000000e-01     7.689983433e-01     4.667204970e-01     8.468847031e-03     -2.150624475e-04
74.9395060649878957     2.251260309e+02     -8.358672410e-01     1.268109162e-01     3.000000000e+00     -2.987118511e-01     3.673882292e-03     -6.100000000e-01     8.138007823e-01     5.085320955e-01     -8.468847031e-03     6.193543141e-03
89.9274072599999954     2.703027790e+02     1.302852042e+00     1.864189417e-01     3.000000000e+00     -3.599678491e-01     4.280270141e-03     -6.100000000e-01     8.571962861e-01     5.535768921e-01     8.468847031e-03     -4.028052420e-04
104.9153084550120951     3.154336200e+02     5.475804879e+00     2.543789523e-01     3.000000000e+00     -4.136952357e-01     4.788379256e-03     -6.100000000e-01     8.967022143e-01     6.013480689e-01     -8.468847031e-03     5.674514421e-03
119.9032096949878934     3.603601739e+02     1.214271134e+01     3.292911428e-01     3.000000000e+00     -4.597297929e-01     5.207975727e-03     -6.100000000e-01     9.310314386e-01     6.521650800e-01     8.468847031e-03     -1.093589595e-03
134.8911108899999931     4.048561396e+02     2.168650731e+01     4.099083873e-01     3.000000000e+00     -4.984207507e-01     5.549667178e-03     -6.100000000e-01     9.600666216e-01     7.050637268e-01     -8.468847031e-03     4.968072431e-03
149.8790120850120786     4.486346469e+02     3.440519037e+01     4.951453301e-01     3.000000000e+00     -5.304365336e-01     5.824432718e-03     -6.100000000e-01     9.840047627e-01     7.603892129e-01     8.468847031e-03     -1.773743791e-03
164.8669133249878769     4.913601207e+02     5.050755407e+01     5.840792424e-01     3.000000000e+00     -5.566003291e-01     6.042994359e-03     -6.100000000e-01     1.003517178e+00     8.172192145e-01     -8.468847031e-03     4.377499311e-03
179.8548145199999908     5.326623802e+02     7.011274537e+01     6.759421881e-01     3.000000000e+00     -5.777710147e-01     6.215285759e-03     -6.100000000e-01     1.019150959e+00     8.757896813e-01     8.468847031e-03     -2.291312411e-03
194.8427157150121047     5.721511492e+02     9.325299979e+01     7.701066818e-01     3.000000000e+00     -5.947677652e-01     6.350115138e-03     -6.100000000e-01     1.031649767e+00     9.353859835e-01     -8.468847031e-03     3.959165382e-03
209.8306169549879030     6.094297495e+02     1.198787035e+02     8.660677621e-01     3.000000000e+00     -6.083292991e-01     6.455024026e-03     -6.100000000e-01     1.041494754e+00     9.961484221e-01     8.468847031e-03     -2.645440914e-03
224.8185181499999885     6.441072996e+02     1.498649654e+02     9.634240551e-01     3.000000000e+00     -6.190970777e-01     6.536293652e-03     -6.100000000e-01     1.049290401e+00     1.057579480e+00     -8.468847031e-03     3.685699634e-03
239.8064193450120740     6.758091505e+02     1.830190339e+02     1.061859633e+00     3.000000000e+00     -6.276135235e-01     6.599044824e-03     -6.100000000e-01     1.055360673e+00     1.119759454e+00     8.468847031e-03     -2.875676633e-03
254.7943205849878723     7.041855528e+02     2.190880728e+02     1.161127713e+00     3.000000000e+00     -6.343285679e-01     6.647383575e-03     -6.100000000e-01     1.060152083e+00     1.182362447e+00     -8.468847031e-03     3.515046924e-03
269.7822217799999862     7.289186942e+02     2.577669782e+02     1.261036645e+00     3.000000000e+00     -6.396101689e-01     6.684560770e-03     -6.100000000e-01     1.063847808e+00     1.245434417e+00     8.468847031e-03     -3.021885801e-03
284.7701229750120433     7.497282999e+02     2.987060465e+02     1.361438243e+00     3.000000000e+00     -6.437560528e-01     6.713125274e-03     -6.100000000e-01     1.066770895e+00     1.308769360e+00     -8.468847031e-03     3.411945428e-03
299.7580242149878700     7.663004893e+02     3.415180580e+02     1.460425884e+00     3.000000000e+00     -6.316171441e-01     6.495881053e-03     -4.582634290e-01     1.008897194e+00     1.434574487e+00     2.871672150e-02     -1.113466804e-02
314.7459254099999839     7.781328036e+02     3.857267627e+02     1.548810815e+00     3.000000000e+00     -5.548848446e-01     5.298289426e-03     1.496900404e-01     8.655911612e-01     1.756012579e+00     5.240917610e-02     -7.988227204e-03
329.7338266050120410     7.849912478e+02     4.307087357e+02     1.613594858e+00     3.000000000e+00     -4.232394133e-01     3.346555893e-03     6.100000000e-01     8.274429355e-01     2.005589148e+00     9.015029079e-03     2.897691157e-03
344.7217278449879245     7.876256755e+02     4.758947866e+02     1.651163411e+00     3.000000000e+00     -2.988515253e-01     1.666628006e-03     6.100000000e-01     7.365238657e-01     2.062916247e+00     -9.015029079e-03     -1.503001957e-02
359.7096290399999816     7.873459025e+02     5.210016921e+02     1.666853147e+00     3.000000000e+00     -1.942446512e-01     4.270255475e-04     6.100000000e-01     6.904638012e-01     2.120853909e+00     9.015029079e-03     8.883720133e-03
374.6975302350120955     7.852456666e+02     5.659704063e+02     1.665713312e+00     3.000000000e+00     -9.888951392e-02     -5.791262504e-04     6.100000000e-01     6.756399973e-01     2.168770982e+00     -9.015029079e-03     -1.086182284e-02
389.6854314749879222     7.821205741e+02     6.108363944e+02     1.650428475e+00     3.000000000e+00     -7.531755515e-03     -1.460497226e-03     6.100000000e-01     6.840817829e-01     2.221346836e+00     9.015029079e-03     1.198830287e-02
404.6733326699999793     7.786523311e+02     6.556731175e+02     1.623322325e+00     3.000000000e+00     7.426643083e-02     -2.156573517e-03     4.937529760e-01     6.800047652e-01     2.315976160e+00     -2.452714418e-02     -1.253234405e-02
419.6612338650120932     7.757473768e+02     7.005558406e+02     1.593512737e+00     3.000000000e+00     8.784964941e-02     -1.821246747e-03     -3.858186441e-01     6.492606313e-01     3.044001918e+00     -9.284374153e-02     8.429817167e-03
434.6491351049878631     7.742336841e+02     7.454974574e+02     1.575330365e+00     3.000000000e+00     3.241652170e-02     -6.050264434e-04     -5.407925287e-01     6.634170171e-01     4.108137438e+00     7.216387685e-02     -6.540775398e-03
449.6370362999999770     7.738888256e+02     7.904598285e+02     1.570796327e+00     3.000000000e+00     0.000000000e+00     0.000000000e+00     0.000000000e+00     6.024201667e-01     4.519845510e+00     0.000000000e+00     -1.598703174e-03
