01 0
31 0
0.0000000000000000     2.496391144e-10     7.739165105e-11     0.000000000e+00     3.000000000e+00     0.000000000e+00     0.000000000e+00     0.000000000e+00     6.024201667e-01     0.000000000e+00     0.000000000e+00     -1.562484106e-03
6.6666666660000002     2.000000319e+01     -1.259085650e-02     2.318705525e-04     3.000000000e+00     -4.472868746e-03     6.956116584e-05     -1.478449848e-01     6.070255975e-01     7.325862525e-02     -4.435349544e-02     2.944113366e-03
13.3333333340000006     4.000009619e+01     -7.775754937e-02     1.495617594e-03     3.000000000e+00     -2.025962466e-02     3.095629468e-04     -3.916306903e-01     6.353942662e-01     1.754907551e-01     -2.878221622e-02     5.566487220e-03
20.0000000000000000     6.000082536e+01     -2.377873966e-01     4.853700934e-03     3.000000000e+00     -4.679780015e-02     6.978620550e-04     -5.383000829e-01     6.683111139e-01     2.209801225e-01     -1.521860156e-02     4.308567115e-03
26.6666666600000006     8.000374264e+01     -4.977193149e-01     1.098314269e-02     3.000000000e+00     -7.869688436e-02     1.140970471e-03     -6.007861727e-01     6.918022755e-01     2.392361513e-01     -3.527225393e-03     2.738781364e-03
33.3333333399999958     1.000115198e+02     -8.239904520e-01     2.006035349e-02     3.000000000e+00     -1.123375957e-01     1.582192769e-03     -6.100000000e-01     7.065506330e-01     2.497930666e-01     7.630772212e-04     1.685725879e-03
40.0000000000000000     1.200274728e+02     -1.164344687e+00     3.199960207e-02     3.000000000e+00     -1.460254822e-01     1.999581807e-03     -6.100000000e-01     7.216814973e-01     2.603984096e-01     -7.630772208e-04     2.853533401e-03
46.6666666599999971     1.400548888e+02     -1.461235851e+00     4.662807080e-02     3.000000000e+00     -1.791272685e-01     2.388958811e-03     -6.043248950e-01     7.373744520e-01     2.716519553e-01     2.465608716e-03     1.854353026e-03
53.3333333400000029     1.600961945e+02     -1.654525049e+00     6.370685460e-02     3.000000000e+00     -2.103056479e-01     2.734676329e-03     -5.655909726e-01     7.451465526e-01     2.857599920e-01     9.154567995e-03     4.772771423e-04
60.0000000000000000     1.801516283e+02     -1.677566392e+00     8.283226285e-02     3.000000000e+00     -2.370501706e-01     3.002946145e-03     -4.862689751e-01     7.421288708e-01     3.068311291e-01     1.464203125e-02     -1.382581694e-03
66.6666666599999900     2.002176040e+02     -1.456638830e+00     1.033673956e-01     3.000000000e+00     -2.566170245e-01     3.157593687e-03     -3.748739451e-01     7.303855048e-01     3.367879170e-01     1.877647777e-02     -2.140428082e-03
73.3333333399999958     2.202855763e+02     -9.169087028e-01     1.244716837e-01     3.000000000e+00     -2.669003890e-01     3.173692728e-03     -2.408537799e-01     7.135829905e-01     3.747070866e-01     2.142957178e-02     -2.900326219e-03
80.0000000000000000     2.403421740e+02     8.305630481e-03     1.451996613e-01     3.000000000e+00     -2.669306590e-01     3.044700558e-03     -9.423003807e-02     6.958438769e-01     4.173859055e-01     2.255755076e-02     -2.421407871e-03
86.6666666600000042     2.603708767e+02     1.368548081e+00     1.646269784e-01     3.000000000e+00     -2.570033785e-01     2.783494581e-03     5.500538228e-02     6.811367345e-01     4.606037002e-01     2.221307534e-02     -1.990734836e-03
93.3333333399999958     2.803547856e+02     3.190294148e+00     1.819619956e-01     3.000000000e+00     -2.384153757e-01     2.417010558e-03     1.974667958e-01     6.716809249e-01     5.004010390e-01     2.052534872e-02     -8.460080488e-04
100.0000000000000000     3.002795489e+02     5.475405283e+00     1.966123464e-01     3.000000000e+00     -2.130141136e-01     1.978094685e-03     3.247844550e-01     6.679306156e-01     5.338509267e-01     1.766994906e-02     -2.790847522e-04
106.6666666600000042     3.201355566e+02     8.203493674e+00     2.082014680e-01     3.000000000e+00     -1.827558984e-01     1.498641801e-03     4.298464536e-01     6.682012573e-01     5.595844992e-01     1.384865052e-02     3.602772704e-04
113.3333333399999958     3.399189626e+02     1.133672038e+01     2.165485353e-01     3.000000000e+00     -1.493937469e-01     1.005478379e-03     5.069026921e-01     6.699482855e-01     5.777991249e-01     9.268221031e-03     1.638312010e-04
120.0000000000000000     3.596316119e+02     1.482527453e+01     2.216306372e-01     3.000000000e+00     -1.143687096e-01     5.191521929e-04     5.515411710e-01     6.702092033e-01     5.902104314e-01     4.123322636e-03     -8.555585700e-05
126.6666666599999900     3.792802931e+02     1.861202158e+01     2.235467712e-01     3.000000000e+00     -7.889839077e-02     5.568800784e-05     5.606220619e-01     6.670455554e-01     5.998088051e-01     -1.399055366e-03     -8.635385170e-04
133.3333333399999958     3.988757818e+02     2.263539750e+01     2.225010930e-01     3.000000000e+00     -4.421995074e-02     -3.693914456e-04     5.323332345e-01     6.594822890e-01     6.104378814e-01     -7.087592850e-03     -1.405441417e-03
140.0000000000000000     4.184319700e+02     2.683028728e+01     2.188167846e-01     3.000000000e+00     -1.192102372e-02     -7.359010810e-04     4.665464134e-01     6.481620570e-01     6.261933647e-01     -1.264845347e-02     -1.990628175e-03
146.6666666599999758     4.379650412e+02     3.112757742e+01     2.129765149e-01     3.000000000e+00     1.584725139e-02     -1.016179834e-03     3.655625109e-01     6.345900858e-01     6.504109848e-01     -1.764671729e-02     -2.080963192e-03
153.3333333400000242     4.574922427e+02     3.545468638e+01     2.056537082e-01     3.000000000e+00     3.668482609e-02     -1.180662183e-03     2.351411479e-01     6.215815667e-01     6.843160800e-01     -2.147969160e-02     -1.821592543e-03
160.0000000000000000     4.770299272e+02     3.973952172e+01     1.976886774e-01     3.000000000e+00     4.865437515e-02     -1.208847044e-03     8.562753228e-02     6.124011918e-01     7.256609752e-01     -2.337439310e-02     -9.325199003e-04
166.6666666600000042     4.965912911e+02     4.391785701e+01     1.899974341e-01     3.000000000e+00     5.093057554e-02     -1.098525945e-03     -6.694465723e-02     6.100528642e-01     7.680970145e-01     -2.239726376e-02     2.280215909e-04
173.3333333399999958     5.161846259e+02     4.794210425e+01     1.834327691e-01     3.000000000e+00     4.421530559e-02     -8.708735563e-04     -1.998136082e-01     6.142473125e-01     8.025157255e-01     -1.746342153e-02     1.030312910e-03
180.0000000000000000     5.358125770e+02     5.178912846e+01     1.786276438e-01     3.000000000e+00     3.086980384e-02     -5.706640390e-04     -2.823141823e-01     6.198411294e-01     8.221157220e-01     -7.286750710e-03     6.478321574e-04
186.6666666600000042     5.554721976e+02     5.546595416e+01     1.758366667e-01     3.000000000e+00     1.506787353e-02     -2.666290813e-04     -2.738668414e-01     6.177021976e-01     8.348276583e-01     9.820952987e-03     -1.289511683e-03
193.3333333399999958     5.751548352e+02     5.901513718e+01     1.747404142e-01     3.000000000e+00     3.621089276e-03     -6.224668887e-05     -1.205651657e-01     6.053851283e-01     8.893793712e-01     3.616954971e-02     -2.405609128e-03
200.0000000000000000     5.948485313e+02     6.250203055e+01     1.745329252e-01     3.000000000e+00     0.000000000e+00     0.000000000e+00     0.000000000e+00     6.024201667e-01     9.405507801e-01     0.000000000e+00     1.516120651e-03
