02 0
31 0
0.0000000000000000     2.496391144e-10     7.739165105e-11     0.000000000e+00     3.000000000e+00     0.000000000e+00     0.000000000e+00     0.000000000e+00     6.024201667e-01     0.000000000e+00     0.000000000e+00     -1.542054274e-03
6.6666663326666669     2.000000198e+01     1.214311931e-02     -2.246084514e-04     3.000000000e+00     4.316761409e-03     -6.738253879e-05     1.489842962e-01     6.070898661e-01     7.427161181e-02     4.469529111e-02     2.942964186e-03
13.3333326673333321     4.000009081e+01     7.612386085e-02     -1.467720585e-03     3.000000000e+00     1.995446914e-02     -3.055511200e-04     3.941972718e-01     6.357785853e-01     1.777261120e-01     2.886860524e-02     5.663651983e-03
19.9999990000000025     6.000080038e+01     2.342512460e-01     -4.789156439e-03     3.000000000e+00     4.625487530e-02     -6.908796860e-04     5.408711467e-01     6.687772328e-01     2.233222555e-01     1.513355944e-02     4.235942783e-03
26.6666653266666671     8.000364819e+01     4.912215920e-01     -1.085579291e-02     3.000000000e+00     7.777549908e-02     -1.129111346e-03     6.024167635e-01     6.919247807e-01     2.414289030e-01     3.330126531e-03     2.708321935e-03
33.3333316733333334     1.000112369e+02     8.132076000e-01     -1.983192126e-02     3.000000000e+00     1.109053030e-01     -1.563727296e-03     6.099999785e-01     7.059603609e-01     2.519268078e-01     -1.055161915e-03     1.502352336e-03
39.9999980000000050     1.200267769e+02     1.148083605e+00     -3.162279959e-02     3.000000000e+00     1.439957567e-01     -1.973536379e-03     6.099999807e-01     7.206682262e-01     2.625359658e-01     1.055162578e-03     2.910007459e-03
46.6666643266666696     1.400534433e+02     1.439141107e+00     -4.605641765e-02     3.000000000e+00     1.765537084e-01     -2.356549257e-03     6.081848356e-01     7.369112344e-01     2.736930915e-01     -1.599706154e-03     1.962895258e-03
53.3333306733333288     1.600936200e+02     1.627982265e+00     -6.291094782e-02     3.000000000e+00     2.074249826e-01     -2.699810047e-03     5.747799786e-01     7.456644073e-01     2.872762119e-01     -8.421751444e-03     6.630567457e-04
59.9999969999999934     1.801476573e+02     1.650201364e+00     -8.181331648e-02     3.000000000e+00     2.342090863e-01     -2.970900834e-03     4.997997611e-01     7.433650936e-01     3.074031414e-01     -1.407231492e-02     -1.352850890e-03
66.6666633266666651     2.002122749e+02     1.434066083e+00     -1.021612864e-01     3.000000000e+00     2.541762229e-01     -3.133490445e-03     3.915721276e-01     7.319791482e-01     3.363712548e-01     -1.839597676e-02     -2.062932917e-03
73.3333296733333242     2.202793757e+02     9.058608717e-01     -1.231434288e-01     3.000000000e+00     2.651435961e-01     -3.161152582e-03     2.594218711e-01     7.151099871e-01     3.736156405e-01     -2.124910218e-02     -2.997815672e-03
79.9999960000000101     2.403360399e+02     -1.199184705e-03     -1.438302232e-01     3.000000000e+00     2.659945778e-01     -3.044886053e-03     1.133634709e-01     6.969056802e-01     4.161166880e-01     -2.256842009e-02     -2.463476665e-03
86.6666623266666676     2.603660332e+02     -1.337945427e+00     -1.632968850e-01     3.000000000e+00     2.568661172e-01     -2.795112781e-03     -3.649279315e-02     6.814754046e-01     4.596620603e-01     -2.238846137e-02     -2.165606247e-03
93.3333286733333267     2.803524752e+02     -3.132916832e+00     -1.807375519e-01     3.000000000e+00     2.389333140e-01     -2.437087554e-03     -1.805390568e-01     6.712493471e-01     5.001600741e-01     -2.082541990e-02     -9.022111507e-04
99.9999949999999984     3.002807693e+02     -5.390266402e+00     -1.955378085e-01     3.000000000e+00     2.139792586e-01     -2.002989651e-03     -3.101134517e-01     6.668824662e-01     5.344587868e-01     -1.804690052e-02     -4.078531817e-04
106.6666613266666701     3.201408924e+02     -8.091649975e+00     -2.072974264e-01     3.000000000e+00     1.839518314e-01     -1.524895907e-03     -4.177781267e-01     6.668098208e-01     5.609904566e-01     -1.425250359e-02     3.860595615e-04
113.3333276733333292     3.399285469e+02     -1.120072866e+01     -2.158149507e-01     3.000000000e+00     1.506356667e-01     -1.030361499e-03     -4.974621781e-01     6.684955395e-01     5.797880748e-01     -9.652713028e-03     1.196560798e-04
119.9999939999999867     3.596451963e+02     -1.466855255e+01     -2.210524571e-01     3.000000000e+00     1.155229343e-01     -5.408905030e-04     -5.444754707e-01     6.688980958e-01     5.924979516e-01     -4.451275456e-03     1.110813832e-06
126.6666603266666584     3.792973767e+02     -1.843826774e+01     -2.231001734e-01     3.000000000e+00     7.988513998e-02     -7.342442624e-05     -5.554704680e-01     6.659657724e-01     6.021379209e-01     1.152776114e-03     -8.808078795e-04
133.3333266733333176     3.988957497e+02     -2.244814878e+01     -2.221590164e-01     3.000000000e+00     4.500676816e-02     3.557715574e-04     -5.285215928e-01     6.586313564e-01     6.126408736e-01     6.931886833e-03     -1.319517039e-03
139.9999929999999893     4.184542082e+02     -2.663263558e+01     -2.185531038e-01     3.000000000e+00     1.251122251e-02     7.260022710e-04     -4.634938590e-01     6.474966404e-01     6.282394414e-01     1.257643428e-02     -2.020897917e-03
146.6666593266666609     4.379890154e+02     -3.092201644e+01     -2.127689934e-01     3.000000000e+00     -1.542180006e-02     1.009230932e-03     -3.627581195e-01     6.340712957e-01     6.523723743e-01     1.764428909e-02     -2.006705698e-03
153.3333256733333485     4.575175413e+02     -3.524304734e+01     -2.054861770e-01     3.000000000e+00     -3.636926355e-02     1.175614087e-03     -2.321867010e-01     6.212007135e-01     6.863252250e-01     2.152713843e-02     -1.854469161e-03
159.9999920000000202     4.770562663e+02     -3.952300764e+01     -1.975520253e-01     3.000000000e+00     -4.838708375e-02     1.204631563e-03     -8.227711408e-02     6.121912821e-01     7.278412138e-01     2.344573991e-02     -8.483604023e-04
166.6666583266666635     4.966184844e+02     -4.369720117e+01     -1.898886327e-01     3.000000000e+00     -5.066559940e-02     1.094386331e-03     7.075503612e-02     6.100716665e-01     7.704806917e-01     2.246390746e-02     2.124756839e-04
173.3333246733333226     5.162125354e+02     -4.771781839e+01     -1.833520533e-01     3.000000000e+00     -4.393886138e-02     8.665875800e-04     2.039529044e-01     6.145196733e-01     8.050463070e-01     1.749545504e-02     1.121926442e-03
179.9999909999999943     5.358410712e+02     -5.156174145e+01     -1.785751054e-01     3.000000000e+00     -3.059928331e-02     5.664968663e-04     2.863972295e-01     6.202768912e-01     8.246734966e-01     7.237843719e-03     6.052390113e-04
186.6666573266666660     5.555011334e+02     -5.523613668e+01     -1.758098904e-01     3.000000000e+00     -1.483526224e-02     2.630676770e-04     2.771287839e-01     6.180574679e-01     8.374987536e-01     -1.001837754e-02     -1.271066036e-03
193.3333236733333251     5.751840525e+02     -5.878373401e+01     -1.747329617e-01     3.000000000e+00     -3.473240586e-03     6.001094816e-05     1.218670969e-01     6.054488814e-01     8.931488630e-01     -3.656013090e-02     -2.511510106e-03
199.9999899999999968     5.948778464e+02     -6.227006851e+01     -1.745329252e-01     3.000000000e+00     0.000000000e+00     0.000000000e+00     0.000000000e+00     6.024201667e-01     9.452943154e-01     0.000000000e+00     1.602895642e-03
