08 0
31 0
0.0000000000000000     2.496391144e-10     7.739165105e-11     0.000000000e+00     3.000000000e+00     0.000000000e+00     0.000000000e+00     0.000000000e+00     6.024201667e-01     0.000000000e+00     0.000000000e+00     -4.058653019e-04
23.8104341109522899     7.143374605e+01     2.352506199e-01     -6.838059980e-03     3.000000000e+00     4.027525810e-02     -5.743750738e-04     3.969573808e-01     6.391798599e-01     1.613838923e-01     3.334314489e-02     3.493561427e-03
47.6208682290477086     1.429040084e+02     8.417281808e-01     -3.599401129e-02     3.000000000e+00     1.392307716e-01     -1.874631192e-03     6.100000000e-01     7.176064600e-01     3.577297918e-01     -1.544824877e-02     3.094021146e-03
71.4313023400000020     2.144896137e+02     7.436320709e-01     -9.524811809e-02     3.000000000e+00     2.470104843e-01     -3.102523475e-03     5.686310041e-01     7.676335192e-01     4.439323769e-01     1.197338600e-02     1.108091174e-03
95.2417364295229021     2.861884394e+02     -2.135739766e+00     -1.804323900e-01     3.000000000e+00     3.414719153e-01     -4.052681796e-03     6.100000000e-01     8.423159302e-01     5.193062257e-01     -8.498523225e-03     5.164991506e-03
119.0521705904771039     3.577364188e+02     -9.802738386e+00     -2.861171785e-01     3.000000000e+00     4.222885831e-01     -4.824501031e-03     6.100000000e-01     9.016011324e-01     5.940558272e-01     8.498523225e-03     -1.852249037e-04
142.8626046800000040     4.284953448e+02     -2.392189498e+01     -4.076156971e-01     3.000000000e+00     4.845690118e-01     -5.380984344e-03     6.100000000e-01     9.479806669e-01     6.743685506e-01     -8.498523225e-03     4.080956858e-03
166.6730387695229183     4.974476453e+02     -4.574226170e+01     -5.403670114e-01     3.000000000e+00     5.304931119e-01     -5.769699734e-03     6.100000000e-01     9.821149548e-01     7.602694070e-01     8.498523225e-03     -1.213786290e-03
190.4834729304770917     5.632966135e+02     -7.597211707e+01     -6.808974757e-01     3.000000000e+00     5.633209453e-01     -6.034407960e-03     6.100000000e-01     1.006206896e+00     8.494992299e-01     -8.498523225e-03     3.237431952e-03
214.2939070200000060     6.245955080e+02     -1.147918701e+02     -8.266857221e-01     3.000000000e+00     5.862892896e-01     -6.211336552e-03     6.100000000e-01     1.022878173e+00     9.418744878e-01     8.498523225e-03     -1.837098185e-03
238.1043411095228919     6.798724068e+02     -1.619043434e+02     -9.759704241e-01     3.000000000e+00     6.021247853e-01     -6.328098997e-03     6.100000000e-01     1.034165614e+00     1.035962939e+00     -8.498523225e-03     2.785206982e-03
261.9147752704770937     7.277327230e+02     -2.166035753e+02     -1.127555248e+00     3.000000000e+00     6.129327822e-01     -6.404539392e-03     6.100000000e-01     1.041803652e+00     1.131592255e+00     8.498523225e-03     -2.143636335e-03
285.7252093600000080     7.669358849e+02     -2.778484893e+02     -1.280643197e+00     3.000000000e+00     6.202578947e-01     -6.454356694e-03     6.100000000e-01     1.046870466e+00     1.228028192e+00     -8.498523225e-03     2.569232423e-03
309.5356434495229223     7.964494646e+02     -3.443342472e+02     -1.434709976e+00     3.000000000e+00     6.251980280e-01     -6.486757964e-03     6.100000000e-01     1.050287526e+00     1.325171063e+00     8.498523225e-03     -2.282210334e-03
333.3460776104770957     8.154856584e+02     -4.145586655e+02     -1.589413314e+00     3.000000000e+00     6.285179239e-01     -6.507825621e-03     6.100000000e-01     1.052517748e+00     1.422677571e+00     -8.498523225e-03     2.469541801e-03
357.1565117000000100     8.235243499e+02     -4.868834570e+02     -1.744530684e+00     3.000000000e+00     6.307431987e-01     -6.521535351e-03     6.100000000e-01     1.054039305e+00     1.520498822e+00     8.498523225e-03     -2.341735859e-03
380.9669457895229243     8.203257277e+02     -5.595909330e+02     -1.899917646e+00     3.000000000e+00     6.322318815e-01     -6.530470365e-03     6.100000000e-01     1.055007709e+00     1.618480431e+00     -8.498523225e-03     2.423078658e-03
404.7773799504770977     8.059343333e+02     -6.309368723e+02     -2.055480435e+00     3.000000000e+00     6.332263282e-01     -6.536304397e-03     6.100000000e-01     1.055690878e+00     1.716599915e+00     8.498523225e-03     -2.365694637e-03
428.5878140400000120     7.806756612e+02     -6.992000054e+02     -2.211158121e+00     3.000000000e+00     6.338898696e-01     -6.540121271e-03     6.100000000e-01     1.056103009e+00     1.814788911e+00     -8.498523225e-03     2.400312310e-03
452.3982481295228695     7.451460102e+02     -7.627282236e+02     -2.366911036e+00     3.000000000e+00     6.343322228e-01     -6.542623365e-03     6.100000000e-01     1.056417225e+00     1.913037340e+00     8.498523225e-03     -2.373919159e-03
476.2086822904770997     7.001960902e+02     -8.199813359e+02     -2.522713302e+00     3.000000000e+00     6.346269136e-01     -6.544266635e-03     6.100000000e-01     1.056584753e+00     2.011315095e+00     -8.498523225e-03     2.387990919e-03
500.0191163799999572     6.469088545e+02     -8.695699821e+02     -2.678548002e+00     3.000000000e+00     6.348231242e-01     -6.545347700e-03     6.100000000e-01     1.056736771e+00     2.109617704e+00     8.498523225e-03     -2.375221860e-03
523.8295504695229283     5.865720724e+02     -9.102901915e+02     -2.834404052e+00     3.000000000e+00     6.349537067e-01     -6.546059983e-03     6.100000000e-01     1.056796756e+00     2.207931927e+00     -8.498523225e-03     2.380260406e-03
547.6399846304771017     5.206574990e+02     -9.410289795e+02     -2.986226289e+00     3.000000000e+00     6.127438104e-01     -6.206520362e-03     4.564055114e-01     9.901383817e-01     2.301995351e+00     -4.402920272e-03     -7.979349661e-03
571.4504187200000160     4.509507045e+02     -9.607709965e+02     -3.116362247e+00     3.000000000e+00     5.131567218e-01     -4.724482229e-03     -4.627999573e-02     8.287223444e-01     2.545428320e+00     -3.782104862e-02     -5.579079186e-03
595.2608528095229303     3.795092538e+02     -9.697399618e+02     -3.199996140e+00     3.000000000e+00     3.403789077e-01     -2.300496230e-03     -6.100000000e-01     7.660062880e-01     2.775738128e+00     -9.529621023e-03     3.111318235e-04
619.0712869704771038     3.078647382e+02     -9.705557401e+02     -3.229515761e+00     3.000000000e+00     1.679132809e-01     -1.790570811e-04     -6.100000000e-01     6.843540324e-01     2.841175653e+00     9.529621020e-03     -7.169659057e-03
642.8817210600000180     2.364775620e+02     -9.669867289e+02     -3.215595499e+00     3.000000000e+00     1.823532140e-02     1.348314382e-03     -6.100000000e-01     6.820152413e-01     2.908046872e+00     -9.529621020e-03     6.973208123e-03
666.6921551495229323     1.651801288e+02     -9.625003369e+02     -3.178988920e+00     3.000000000e+00     -6.110204396e-02     1.726520706e-03     -7.463897912e-03     6.168270289e-01     3.403899158e+00     6.014071882e-02     -1.244880862e-02
690.5025893104771058     9.380564977e+01     -9.597348758e+02     -3.150013485e+00     3.000000000e+00     -3.380687249e-02     7.073227822e-04     3.542622099e-01     6.296568104e-01     4.007898203e+00     -2.975688780e-02     1.352646905e-02
714.3130234000000200     2.237900289e+01     -9.590316600e+02     -3.141592654e+00     3.000000000e+00     0.000000000e+00     0.000000000e+00     0.000000000e+00     6.024201667e-01     4.191993535e+00     0.000000000e+00     -1.581425964e-02
