04 0
31 0
0.0000000000000000     2.496391144e-10     7.739165105e-11     0.000000000e+00     3.000000000e+00     0.000000000e+00     0.000000000e+00     0.000000000e+00     6.024201667e-01     0.000000000e+00     0.000000000e+00     -2.969070735e-03
11.6522318921681105     3.495675394e+01     4.896710482e-02     -1.008346820e-03     3.000000000e+00     1.142980550e-02     -1.730735930e-04     2.254085157e-01     6.133568768e-01     1.020095093e-01     3.868932883e-02     4.846257904e-03
23.3044637878318923     6.991492917e+01     2.737142515e-01     -6.184148862e-03     3.000000000e+00     4.872431113e-02     -7.153059189e-04     5.302030289e-01     6.668152252e-01     2.168430409e-01     1.362588700e-02     4.329383112e-03
34.9566956800000028     1.048813159e+02     7.232601639e-01     -1.885499077e-02     3.000000000e+00     1.035694608e-01     -1.459529258e-03     6.100000000e-01     7.028811057e-01     2.453608276e-01     7.053989617e-05     1.860998402e-03
46.6089275616810994     1.398698372e+02     1.235824169e+00     -4.000722331e-02     3.000000000e+00     1.611061049e-01     -2.171059754e-03     6.099086127e-01     7.290379957e-01     2.638905977e-01     -8.622569752e-05     2.628594711e-03
58.2611594783189020     1.748955894e+02     1.529874332e+00     -6.899392072e-02     3.000000000e+00     2.168169372e-01     -2.804244149e-03     6.100000000e-01     7.603744339e-01     2.841299215e-01     1.019114989e-04     2.750020907e-03
69.9133913600000056     2.099661189e+02     1.316014128e+00     -1.049368564e-01     3.000000000e+00     2.695250518e-01     -3.365035011e-03     6.100000000e-01     7.937518772e-01     3.062062818e-01     -1.019114989e-04     2.978914721e-03
81.5656232416811093     2.450743129e+02     3.213415771e-01     -1.470198835e-01     3.000000000e+00     3.183711869e-01     -3.858135195e-03     6.100000000e-01     8.270571001e-01     3.301288349e-01     1.019114989e-04     2.737624949e-03
93.2178551583188977     2.801931875e+02     -1.708052599e+00     -1.944808224e-01     3.000000000e+00     3.628200825e-01     -4.288104827e-03     6.100000000e-01     8.586165655e-01     3.558259454e-01     -1.019114989e-04     2.679271274e-03
104.8700870400000014     3.152727354e+02     -5.003915052e+00     -2.466118682e-01     3.000000000e+00     4.026270145e-01     -4.659716714e-03     6.100000000e-01     8.876262158e-01     3.832098527e-01     1.019114989e-04     2.299972273e-03
116.5223189216811051     3.502387761e+02     -9.772665172e+00     -3.027627429e-01     3.000000000e+00     4.377883823e-01     -4.978072030e-03     6.100000000e-01     9.135207355e-01     4.121440940e-01     -1.019114989e-04     2.144587351e-03
128.1745508383189076     3.849935501e+02     -1.619273861e+01     -3.623426745e-01     3.000000000e+00     4.684669956e-01     -5.248283253e-03     6.097571145e-01     9.362123108e-01     4.424970284e-01     6.022240152e-05     1.750215895e-03
139.8267827200000113     4.194177873e+02     -2.441249151e+01     -4.248240901e-01     3.000000000e+00     4.949821354e-01     -5.476085467e-03     6.100000000e-01     9.559232113e-01     4.741222728e-01     -1.853330415e-05     1.632981538e-03
151.4790146016811150     4.533715630e+02     -3.455258146e+01     -4.896541858e-01     3.000000000e+00     5.167226271e-01     -5.651412908e-03     5.953133198e-01     9.673432046e-01     5.069756321e-01     -2.502302248e-03     3.271568133e-04
163.1312465183189033     4.866872535e+02     -4.671785516e+01     -5.558511744e-01     3.000000000e+00     5.296327360e-01     -5.710700226e-03     5.306218046e-01     9.564196502e-01     5.442831312e-01     -8.601410046e-03     -2.202085932e-03
174.7834784000000070     5.191590615e+02     -6.100133199e+01     -6.214304331e-01     3.000000000e+00     5.265001902e-01     -5.545385186e-03     3.999706988e-01     9.166188156e-01     5.919312546e-01     -1.382366818e-02     -4.629366619e-03
186.4357102816811107     5.505563699e+02     -7.745066165e+01     -6.833651513e-01     3.000000000e+00     5.021161372e-01     -5.085147885e-03     2.216847573e-01     8.581409071e-01     6.499729283e-01     -1.677749786e-02     -5.407836387e-03
198.0879421983188990     5.806766405e+02     -9.601224501e+01     -7.383729159e-01     3.000000000e+00     4.572690398e-01     -4.356436368e-03     2.233827851e-02     7.974456406e-01     7.112420139e-01     -1.743851853e-02     -5.009956012e-03
209.7401740800000027     6.094088016e+02     -1.165069269e+02     -7.838930179e-01     3.000000000e+00     3.974679886e-01     -3.456676581e-03     -1.725218764e-01     7.472342749e-01     7.669830469e-01     -1.600746103e-02     -3.608369851e-03
221.3924059616811064     6.367648734e+02     -1.386585451e+02     -8.185744365e-01     3.000000000e+00     3.293653977e-01     -2.496074598e-03     -3.407078072e-01     7.124796411e-01     8.112611302e-01     -1.286012970e-02     -2.356948052e-03
233.0446378783188948     6.628684388e+02     -1.621485544e+02     -8.421947479e-01     3.000000000e+00     2.582442794e-01     -1.558137792e-03     -4.649246653e-01     6.905296166e-01     8.427132185e-01     -8.460568210e-03     -1.410574721e-03
244.6968697599999985     6.879184638e+02     -1.866631908e+02     -8.552981329e-01     3.000000000e+00     1.874364988e-01     -6.909394763e-04     -5.330900985e-01     6.754430660e-01     8.640001482e-01     -3.239410607e-03     -1.178894961e-03
256.3491016416811021     7.121523694e+02     -2.119183769e+02     -8.588563317e-01     3.000000000e+00     1.190967240e-01     8.020688938e-05     -5.400994652e-01     6.622004084e-01     8.806422736e-01     2.036316357e-03     -1.094087196e-03
268.0013335583189473     7.358219385e+02     -2.376635338e+02     -8.541400514e-01     3.000000000e+00     5.568469670e-02     7.292998924e-04     -4.849346039e-01     6.486840631e-01     8.992785366e-01     7.432232122e-03     -1.225870978e-03
279.6535654400000226     7.591839289e+02     -2.636709362e+02     -8.428901481e-01     3.000000000e+00     1.824463914e-03     1.201644047e-03     -3.672221744e-01     6.338405032e-01     9.265667042e-01     1.277203956e-02     -1.321891555e-03
291.3057973216810979     7.824933586e+02     -2.897232996e+02     -8.276272448e-01     3.000000000e+00     -3.572842157e-02     1.418094976e-03     -1.961579588e-01     6.196634875e-01     9.660120135e-01     1.658958267e-02     -1.111464693e-03
302.9580292383189430     8.059790269e+02     -3.156197575e+02     -8.116116587e-01     3.000000000e+00     -5.163393483e-02     1.330835221e-03     1.449767453e-03     6.115769481e-01     1.012864948e+00     1.732799261e-02     -2.765165021e-04
314.6102611200000183     8.298004572e+02     -3.412080734e+02     -7.981689595e-01     3.000000000e+00     -4.588893756e-02     9.764822733e-04     1.778034239e-01     6.134899736e-01     1.053257604e+00     1.294151422e-02     6.048699845e-04
326.2624930016810936     8.540102473e+02     -3.664265618e+02     -7.896249462e-01     3.000000000e+00     -2.554753034e-02     4.900201720e-04     2.581834238e-01     6.167356768e-01     1.076305823e+00     8.549842654e-04     -4.777444833e-05
337.9147249183189388     8.785350644e+02     -3.913368247e+02     -7.860840976e-01     3.000000000e+00     -6.495559887e-03     1.177343928e-04     1.315823306e-01     6.059608200e-01     1.119321374e+00     -2.258491451e-02     -1.801632068e-03
349.5669568000000140     9.032179226e+02     -4.160901572e+02     -7.853981634e-01     3.000000000e+00     0.000000000e+00     0.000000000e+00     0.000000000e+00     6.024201667e-01     1.162072203e+00     0.000000000e+00     1.193911017e-03
