06 0
31 0
0.0000000000000000     2.496391144e-10     7.739165105e-11     0.000000000e+00     3.000000000e+00     0.000000000e+00     0.000000000e+00     0.000000000e+00     6.024201667e-01     0.000000000e+00     0.000000000e+00     1.265252158e-03
14.9999995484999982     4.500073543e+01     1.623030552e-01     -3.628078277e-03     3.000000000e+00     3.252501561e-02     -4.837268967e-04     5.221040592e-01     6.619088080e-01     3.849334155e-01     6.961387659e-02     6.666566821e-03
29.9999991014999985     9.001173304e+01     6.855010396e-01     -1.815618602e-02     3.000000000e+00     1.026016151e-01     -1.453345747e-03     6.099999863e-01     7.025675993e-01     1.024185923e+00     -5.789441930e-02     -1.245394502e-03
44.9999986500000020     1.350589558e+02     1.313514023e+00     -4.664023674e-02     3.000000000e+00     1.756769532e-01     -2.344519348e-03     5.974873043e-01     7.336330241e-01     1.538180031e+00     5.622606162e-02     5.387451247e-03
59.9999981849999955     1.801705558e+02     1.445356610e+00     -8.755302034e-02     3.000000000e+00     2.452259977e-01     -3.110510179e-03     6.099999936e-01     7.779668192e-01     2.026448524e+00     -5.455770301e-02     5.237215885e-04
74.9999977649999892     2.253499162e+02     4.892872053e-01     -1.391827239e-01     3.000000000e+00     3.097578001e-01     -3.773442053e-03     6.099999956e-01     8.210822412e-01     2.503784760e+00     5.455770331e-02     5.225001483e-03
89.9999973000000040     2.705533217e+02     -2.101668357e+00     -1.999609088e-01     3.000000000e+00     3.671877702e-01     -4.330307716e-03     6.099999960e-01     8.617976282e-01     2.984196453e+00     -5.455770323e-02     2.037169130e-04
104.9999968349999904     3.156757839e+02     -6.822816527e+00     -2.683733345e-01     3.000000000e+00     4.169507286e-01     -4.791340864e-03     6.099999960e-01     8.981883608e-01     3.467163896e+00     5.455770326e-02     4.648380897e-03
119.9999964149999983     3.605467311e+02     -1.409945910e+01     -3.430652273e-01     3.000000000e+00     4.591256523e-01     -5.167570026e-03     6.099999961e-01     9.293569236e-01     3.952869130e+00     -5.455770323e-02     -4.925724208e-04
134.9999959499999989     4.049332613e+02     -2.427801015e+01     -4.228510018e-01     3.000000000e+00     4.942306911e-01     -5.470525112e-03     6.099999962e-01     9.554222874e-01     4.440521667e+00     5.455770325e-02     3.967954339e-03
149.9999954849999710     4.485490655e+02     -3.762055796e+01     -5.067172380e-01     3.000000000e+00     5.230310852e-01     -5.711631593e-03     6.099999962e-01     9.767009574e-01     4.930282320e+00     -5.455770324e-02     -1.130798258e-03
164.9999950649999789     4.910666600e+02     -5.430320168e+01     -5.938166925e-01     3.000000000e+00     5.463889243e-01     -5.901620898e-03     6.099999961e-01     9.939101100e-01     5.421430176e+00     5.455770324e-02     3.425351987e-03
179.9999946000000079     5.321308577e+02     -7.441771384e+01     -6.834547899e-01     3.000000000e+00     5.651614643e-01     -6.050117322e-03     6.099999961e-01     1.007593541e+00     5.914053594e+00     -5.455770323e-02     -1.600894491e-03
194.9999941350000086     5.713719800e+02     -9.797572526e+01     -7.750714676e-01     3.000000000e+00     5.801413451e-01     -6.165431624e-03     6.099999953e-01     1.018470421e+00     6.407607300e+00     5.455770312e-02     3.051145282e-03
209.9999937149999880     6.084179017e+02     -1.249145837e+02     -8.682212231e-01     3.000000000e+00     5.920277446e-01     -6.254527681e-03     6.099999959e-01     1.026981744e+00     6.902131758e+00     -5.455770305e-02     -1.916302286e-03
224.9999932499999886     6.429045045e+02     -1.551041597e+02     -9.625535238e-01     3.000000000e+00     6.014177561e-01     -6.323104335e-03     6.099999960e-01     1.033693235e+00     7.397253598e+00     5.455770305e-02     2.811167787e-03
239.9999927849999892     6.744844446e+02     -1.883540578e+02     -1.057794919e+00     3.000000000e+00     6.088096970e-01     -6.375740351e-03     6.099999954e-01     1.038886547e+00     7.892990057e+00     -5.455770314e-02     -2.118726163e-03
254.9999923649999687     7.028343264e+02     -2.244208693e+02     -1.153733502e+00     3.000000000e+00     6.146125232e-01     -6.416062543e-03     6.099999924e-01     1.042974715e+00     8.389099685e+00     5.455770274e-02     2.663815241e-03
269.9999918999999977     7.276604674e+02     -2.630152528e+02     -1.250205875e+00     3.000000000e+00     6.191577081e-01     -6.446912564e-03     6.099999906e-01     1.046106705e+00     8.885589763e+00     -5.455770300e-02     -2.246216538e-03
284.9999914349999699     7.487034565e+02     -3.038087347e+02     -1.347086521e+00     3.000000000e+00     6.227114422e-01     -6.470498798e-03     6.099999906e-01     1.048582106e+00     9.382309321e+00     5.455770299e-02     2.576269967e-03
299.9999910149999778     7.657416994e+02     -3.464401908e+02     -1.444279267e+00     3.000000000e+00     6.254859188e-01     -6.488525916e-03     6.099999884e-01     1.050455695e+00     9.879261554e+00     -5.455770328e-02     -2.326458118e-03
314.9999905499999500     7.783105619e+02     -3.905007879e+02     -1.534935166e+00     3.000000000e+00     5.696281193e-01     -5.598919258e-03     -3.371651066e-02     8.806116932e-01     1.024949153e+01     -3.127116584e-02     -2.031940937e-02
329.9999900849999790     7.859449803e+02     -4.354322612e+02     -1.604522331e+00     3.000000000e+00     4.425106540e-01     -3.679361130e-03     -5.362603283e-01     8.251188194e-01     1.049485826e+01     -3.573467853e-02     1.292035932e-02
344.9999896649999869     7.891565124e+02     -4.806454524e+02     -1.646457280e+00     3.000000000e+00     3.147710194e-01     -1.911957197e-03     -6.099999732e-01     7.473959394e-01     1.072201810e+01     2.590272557e-02     -2.328341031e-02
359.9999892000000159     7.892317485e+02     -5.258055369e+02     -1.665268107e+00     3.000000000e+00     2.068436476e-01     -5.961446771e-04     -6.099999728e-01     6.948744051e-01     1.090663140e+01     -2.590272552e-02     1.628053887e-02
374.9999887349999881     7.873260154e+02     -5.708273915e+02     -1.666338496e+00     3.000000000e+00     1.096656926e-01     4.534346515e-04     -6.099999727e-01     6.761644540e-01     1.107474248e+01     2.590272555e-02     -1.877519910e-02
389.9999883149999960     7.842841360e+02     -6.157382041e+02     -1.652702744e+00     3.000000000e+00     1.694256306e-02     1.364674040e-03     -6.099999787e-01     6.822309695e-01     1.125134778e+01     -2.590272635e-02     1.958406786e-02
404.9999878499999681     7.807806352e+02     -6.606085835e+02     -1.626065050e+00     3.000000000e+00     -7.296425113e-02     2.187027122e-03     -6.099977385e-01     7.073267701e-01     1.142226154e+01     2.590302504e-02     -1.623796101e-02
419.9999873849999972     7.777439995e+02     -7.055203154e+02     -1.595110840e+00     3.000000000e+00     -9.340142312e-02     1.940209333e-03     4.021374477e-01     6.542521091e-01     1.241140764e+01     1.090483372e-01     9.161339333e-03
434.9999869650000051     7.761258169e+02     -7.504950901e+02     -1.575677767e+00     3.000000000e+00     -3.480366480e-02     6.508756265e-04     6.099999760e-01     6.803525165e-01     1.382816777e+01     -8.133333256e-02     -5.681284919e-03
449.9999864999999772     7.757549620e+02     -7.954935466e+02     -1.570796327e+00     3.000000000e+00     0.000000000e+00     0.000000000e+00     0.000000000e+00     6.024201667e-01     1.434696571e+01     0.000000000e+00     -4.709695393e-03
