03 0
31 0
0.0000000000000000     2.496391144e-10     7.739165105e-11     0.000000000e+00     3.000000000e+00     0.000000000e+00     0.000000000e+00     0.000000000e+00     6.024201667e-01     0.000000000e+00     0.000000000e+00     -4.683845995e-03
11.1436509488856341     3.343102136e+01     -5.373343248e-02     1.090217463e-03     3.000000000e+00     -1.291443466e-02     1.956661185e-04     -2.597060966e-01     6.169071211e-01     1.376567515e-01     -4.661059427e-02     7.283883359e-03
22.2873019011143647     6.686358288e+01     -2.913133606e-01     6.472686140e-03     3.000000000e+00     -5.241475917e-02     7.703491849e-04     -5.713110431e-01     6.771352638e-01     2.812158345e-01     -9.314514652e-03     3.525526044e-03
33.4309528500000042     1.003044798e+02     -7.522842035e-01     1.920161906e-02     3.000000000e+00     -1.073578326e-01     1.514168336e-03     -6.100000000e-01     7.044630968e-01     3.031212706e-01     2.370837574e-03     1.379120226e-03
44.5746037888563507     1.337667935e+02     -1.270973529e+00     3.989895154e-02     3.000000000e+00     -1.631496711e-01     2.200472866e-03     -6.033019396e-01     7.285018376e-01     3.212630887e-01     -1.168707249e-03     2.935218200e-03
55.7182547611436476     1.672643645e+02     -1.587657108e+00     6.785547240e-02     3.000000000e+00     -2.173923876e-01     2.817006771e-03     -6.099999984e-01     7.608893583e-01     3.408292693e-01     -3.342278666e-05     2.877512456e-03
66.8619057000000083     2.008048294e+02     -1.447806395e+00     1.023464855e-01     3.000000000e+00     -2.693315871e-01     3.373246894e-03     -6.099997899e-01     7.939225655e-01     3.620228908e-01     3.346019640e-05     3.051102379e-03
78.0055566388563477     2.343836312e+02     -6.089419742e-01     1.426944492e-01     3.000000000e+00     -3.178897797e-01     3.868179449e-03     -6.099999709e-01     8.271870436e-01     3.849898203e-01     -3.349268160e-05     2.919019673e-03
89.1492076111436518     2.679793054e+02     1.158581299e+00     1.882361758e-01     3.000000000e+00     -3.625314055e-01     4.305394319e-03     -6.099999767e-01     8.590700773e-01     4.096759387e-01     3.349164769e-05     2.803168467e-03
100.2928585499999912     3.015505215e+02     4.066930031e+00     2.383489344e-01     3.000000000e+00     -4.029657252e-01     4.688562654e-03     -6.099999142e-01     8.887504601e-01     4.360079787e-01     -3.348043986e-05     2.523700249e-03
111.4365094888563448     3.350346476e+02     8.307966184e+00     2.924524262e-01     3.000000000e+00     -4.391138134e-01     5.021628754e-03     -6.099879628e-01     9.155979878e-01     4.638724783e-01     3.562542002e-05     2.294743519e-03
122.5801604611436488     3.683477862e+02     1.405060562e+01     3.500121244e-01     3.000000000e+00     -4.710676070e-01     5.308863188e-03     -6.099999809e-01     9.395456788e-01     4.931580653e-01     -3.778237220e-05     2.003253807e-03
133.7238114000000166     4.013855479e+02     2.143966857e+01     4.105184585e-01     3.000000000e+00     -4.987688807e-01     5.550474460e-03     -6.058283006e-01     9.589630881e-01     5.236657748e-01     7.864921663e-04     1.481673960e-03
144.8674623388563418     4.340259565e+02     3.059245907e+01     4.735163817e-01     3.000000000e+00     -5.228155557e-01     5.756039625e-03     -6.099997343e-01     9.782050057e-01     5.555370086e-01     -1.535157689e-03     1.971757535e-03
156.0111133111436459     4.661335744e+02     4.159619290e+01     5.386519583e-01     3.000000000e+00     -5.438191118e-01     5.934128499e-03     -6.099999692e-01     9.938870839e-01     5.885623523e-01     1.535115524e-03     8.427739523e-04
167.1547642499999995     4.975458263e+02     5.453115915e+01     6.050897041e-01     3.000000000e+00     -5.558207549e-01     5.989745668e-03     -5.255819982e-01     9.763055383e-01     6.323979295e-01     1.361574866e-02     -3.998211195e-03
178.2984151888563531     5.280433724e+02     6.949346404e+01     6.703783072e-01     3.000000000e+00     -5.460391286e-01     5.727886797e-03     -3.308143550e-01     9.165276896e-01     7.014901807e-01     2.134005605e-02     -6.730381976e-03
189.4420661611436572     5.573687070e+02     8.654143471e+01     7.304598513e-01     3.000000000e+00     -5.073933685e-01     5.055211915e-03     -7.721878189e-02     8.433695547e-01     7.901610561e-01     2.417385574e-02     -6.399629946e-03
200.5857170999999823     5.853195640e+02     1.055993770e+02     7.813183073e-01     3.000000000e+00     -4.449824037e-01     4.072578645e-03     1.826575109e-01     7.843547638e-01     8.762807392e-01     2.246728440e-02     -4.192013873e-03
211.7293680388563359     6.118380730e+02     1.264326996e+02     8.205442594e-01     3.000000000e+00     -3.699199379e-01     2.967475340e-03     4.034317679e-01     7.484072733e-01     9.417154406e-01     1.715604156e-02     -2.259640194e-03
222.8730190111436400     6.370236637e+02     1.487107224e+02     8.476360145e-01     3.000000000e+00     -2.918755957e-01     1.894800986e-03     5.520345238e-01     7.258905118e-01     9.817903267e-01     9.514347994e-03     -1.781541927e-03
234.0166699499999936     6.610833813e+02     1.720877664e+02     8.634082102e-01     3.000000000e+00     -2.163698775e-01     9.359042814e-04     6.070487533e-01     7.019904484e-01     1.004413481e+00     3.592974970e-04     -2.507907472e-03
245.1603208888563188     6.842683056e+02     1.962550400e+02     8.692126265e-01     3.000000000e+00     -1.450718003e-01     1.058398166e-04     6.099998975e-01     6.819953570e-01     1.020849703e+00     1.703573135e-04     -1.080699441e-03
256.3039718611436797     7.068263208e+02     2.209598645e+02     8.663152070e-01     3.000000000e+00     -7.687807569e-02     -6.258524316e-04     6.099999375e-01     6.762241676e-01     1.036336426e+00     -1.703501296e-04     4.491873246e-05
267.4476228000000333     7.289898468e+02     2.459948407e+02     8.558122411e-01     3.000000000e+00     -1.254985234e-02     -1.259161004e-03     5.465533102e-01     6.670005754e-01     1.058589574e+00     -1.121669484e-02     -1.700317350e-03
278.5912737388563869     7.510005661e+02     2.711595914e+02     8.394166547e-01     3.000000000e+00     3.980284790e-02     -1.683426936e-03     3.616047243e-01     6.429030746e-01     1.107400962e+00     -2.197684052e-02     -2.624567010e-03
289.7349247111436625     7.731228833e+02     2.962312569e+02     8.203642520e-01     3.000000000e+00     6.773765473e-02     -1.735991488e-03     8.255458801e-02     6.202866467e-01     1.192163556e+00     -2.810551356e-02     -1.434502678e-03
300.8785756500000161     7.955947526e+02     3.209920468e+02     8.030894719e-01     3.000000000e+00     6.484718030e-02     -1.364389192e-03     -2.118843986e-01     6.209976891e-01     1.283404511e+00     -2.473874511e-02     1.562116576e-03
312.0222265888563697     8.185405694e+02     3.453097468e+02     7.914648438e-01     3.000000000e+00     3.799493416e-02     -7.219338922e-04     -3.838001921e-01     6.343226329e-01     1.332934519e+00     -6.115737727e-03     8.293696384e-04
323.1658775611436454     8.419049060e+02     3.692215712e+02     7.864202588e-01     3.000000000e+00     1.021988854e-02     -1.834399508e-04     -2.089380077e-01     6.113051335e-01     1.427749733e+00     3.749902229e-02     -4.960421386e-03
334.3095284999999990     8.654917663e+02     3.929131232e+02     7.853981634e-01     3.000000000e+00     0.000000000e+00     0.000000000e+00     0.000000000e+00     6.024201667e-01     1.520414331e+00     0.000000000e+00     3.365797346e-03
