07 0
31 0
0.0000000000000000     2.496391144e-10     7.739165105e-11     0.000000000e+00     3.000000000e+00     0.000000000e+00     0.000000000e+00     0.000000000e+00     6.024201667e-01     0.000000000e+00     0.000000000e+00     -1.594013200e-03
23.3333333309999986     7.000184553e+01     -2.079331497e-01     5.922955923e-03     3.000000000e+00     -3.559222959e-02     5.076819364e-04     -3.473890470e-01     6.306541051e-01     1.322377373e-01     -2.977620403e-02     4.014065067e-03
46.6666666690000014     1.400342602e+02     -7.971964656e-01     3.228837744e-02     3.000000000e+00     -1.296012964e-01     1.752211337e-03     -6.100000000e-01     7.131232824e-01     2.765254744e-01     7.266693771e-03     3.054721556e-03
70.0000000000000000     2.101767735e+02     -8.927973919e-01     8.842370819e-02     3.000000000e+00     -2.413775213e-01     3.059388442e-03     -5.972686394e-01     7.719054833e-01     3.273364086e-01     -6.175434291e-03     1.983752806e-03
93.3333333100000004     2.804540421e+02     1.453911393e+00     1.717950516e-01     3.000000000e+00     -3.412213161e-01     4.086726709e-03     -6.100000000e-01     8.433189087e-01     3.830033971e-01     5.084174811e-03     4.137397943e-03
116.6666666899999996     3.506440977e+02     8.298035757e+00     2.765265197e-01     3.000000000e+00     -4.252177116e-01     4.890256270e-03     -6.100000000e-01     9.051166885e-01     4.447535700e-01     -5.084174811e-03     1.159554616e-03
140.0000000000000000     4.201570898e+02     2.135015507e+01     3.975538227e-01     3.000000000e+00     -4.910170778e-01     5.483512555e-03     -6.100000000e-01     9.544335003e-01     5.125959677e-01     5.084174811e-03     3.067600682e-03
163.3333333100000004     4.880250553e+02     4.188853772e+01     5.304510430e-01     3.000000000e+00     -5.403607337e-01     5.907677762e-03     -6.100000000e-01     9.914243743e-01     5.860117505e-01     -5.084174811e-03     1.030456616e-04
186.6666666899999996     5.529844313e+02     7.067817217e+01     6.717423227e-01     3.000000000e+00     -5.762240317e-01     6.203003357e-03     -6.100000000e-01     1.018016288e+00     6.632717112e-01     5.084174811e-03     2.176261262e-03
210.0000000000000000     6.135988727e+02     1.079652960e+02     8.188305266e-01     3.000000000e+00     -6.017233910e-01     6.404556974e-03     -6.100000000e-01     1.036733339e+00     7.437848773e-01     -5.084174811e-03     -5.719426166e-04
233.3333333099999720     6.683853972e+02     1.535131781e+02     9.698527191e-01     3.000000000e+00     -6.195789205e-01     6.540202385e-03     -6.100000000e-01     1.049623173e+00     8.263608255e-01     5.084174811e-03     1.676785515e-03
256.6666666899999996     7.159227339e+02     2.066622049e+02     1.123512791e+00     3.000000000e+00     -6.319497422e-01     6.630660887e-03     -6.100000000e-01     1.058477548e+00     9.105914478e-01     -5.084174811e-03     -9.178390940e-04
280.0000000000000000     7.549352742e+02     2.664000201e+02     1.278928159e+00     3.000000000e+00     -6.404569715e-01     6.690656391e-03     -6.100000000e-01     1.064449134e+00     9.958295274e-01     5.084174811e-03     1.429689292e-03
303.3333333100000004     7.843539421e+02     3.314330101e+02     1.435506402e+00     3.000000000e+00     -6.462764086e-01     6.730335918e-03     -6.100000000e-01     1.068527743e+00     1.081853616e+00     -5.084174811e-03     -1.080094220e-03
326.6666666899999996     8.033580275e+02     4.002550287e+02     1.592853449e+00     3.000000000e+00     -6.502420981e-01     6.756553806e-03     -6.100000000e-01     1.071237410e+00     1.168347585e+00     5.084174811e-03     1.312351363e-03
350.0000000000000000     8.114020372e+02     4.712120269e+02     1.750708531e+00     3.000000000e+00     -6.529369960e-01     6.773881759e-03     -6.100000000e-01     1.073102302e+00     1.255203309e+00     -5.084174811e-03     -1.152503459e-03
373.3333333100000004     8.082306775e+02     5.425625333e+02     1.908899523e+00     3.000000000e+00     -6.547645085e-01     6.785346170e-03     -6.100000000e-01     1.074316199e+00     1.342273510e+00     5.084174811e-03     1.256551768e-03
396.6666666899999996     7.938840782e+02     6.125342933e+02     2.067312890e+00     3.000000000e+00     -6.560018549e-01     6.792942440e-03     -6.100000000e-01     1.075172785e+00     1.429507735e+00     -5.084174811e-03     -1.183130077e-03
420.0000000000000000     7.686946094e+02     6.793773000e+02     2.225873701e+00     3.000000000e+00     -6.568386019e-01     6.797984193e-03     -6.100000000e-01     1.075708153e+00     1.516838722e+00     5.084174811e-03     1.229018740e-03
443.3333333100000004     7.332761740e+02     7.414132158e+02     2.384532440e+00     3.000000000e+00     -6.574039104e-01     6.801336255e-03     -6.100000000e-01     1.076108412e+00     1.604243369e+00     -5.084174811e-03     -1.194710803e-03
466.6666666899999996     6.885066330e+02     7.970809377e+02     2.543256330e+00     3.000000000e+00     -6.577855503e-01     6.803568623e-03     -6.100000000e-01     1.076337082e+00     1.691691196e+00     5.084174810e-03     1.214311084e-03
489.9999999999999432     6.355039491e+02     8.449778727e+02     2.702023636e+00     3.000000000e+00     -6.580430437e-01     6.805057602e-03     -6.100000000e-01     1.076531195e+00     1.779171703e+00     -5.084174811e-03     -1.197672800e-03
513.3333333099999436     5.755966692e+02     8.838963720e+02     2.860819916e+00     3.000000000e+00     -6.582166935e-01     6.806052125e-03     -6.100000000e-01     1.076621334e+00     1.866671113e+00     5.084174810e-03     1.205399003e-03
536.6666666900000564     5.103132476e+02     9.126471370e+02     3.012995546e+00     3.000000000e+00     -6.210136383e-01     6.237573275e-03     -3.574621627e-01     9.712087881e-01     1.987675490e+00     1.656192553e-02     -1.024076011e-02
560.0000000000000000     4.415605148e+02     9.302572379e+02     3.136613518e+00     3.000000000e+00     -4.938913220e-01     4.358252946e-03     2.159441411e-01     8.140099979e-01     2.213228078e+00     3.258718623e-02     -3.233421900e-03
583.3333333100000573     3.714202583e+02     9.374828152e+02     3.209727005e+00     3.000000000e+00     -3.154896050e-01     1.908617341e-03     6.100000000e-01     7.474841869e-01     2.381962134e+00     1.189030248e-03     -2.468790475e-03
606.6666666900000564     3.012324892e+02     9.373950738e+02     3.231832995e+00     3.000000000e+00     -1.529427179e-01     -1.381822039e-05     6.100000000e-01     6.809790670e-01     2.420007787e+00     -1.189030248e-03     -3.231648368e-03
630.0000000000000000     2.313003112e+02     9.335608547e+02     3.214757711e+00     3.000000000e+00     -8.708669783e-03     -1.449777575e-03     6.100000000e-01     6.838815579e-01     2.455569245e+00     1.189030249e-03     3.480433302e-03
653.3333333100000573     1.614359926e+02     9.291013332e+02     3.177655524e+00     3.000000000e+00     6.350680154e-02     -1.730409800e-03     -2.923387069e-02     6.170276108e-01     2.862351794e+00     -5.598050488e-02     -9.210771632e-03
676.6666666900000564     9.148960489e+01     9.264382687e+02     3.149530032e+00     3.000000000e+00     3.282115151e-02     -6.803467096e-04     -3.411698805e-01     6.276680225e-01     3.376699466e+00     2.924313261e-02     1.012280692e-02
700.0000000000000000     2.149374672e+01     9.257775620e+02     3.141592654e+00     3.000000000e+00     0.000000000e+00     0.000000000e+00     0.000000000e+00     6.024201667e-01     3.532526853e+00     0.000000000e+00     -1.228690885e-02
