0.00000000000   0.000000000e+00     0.000000000e+00     0.000000000e+00     3.000000000e+00     0.000000000e+00     0.000000000e+00     0.000000000e+00     6.024201667e-01
3.88532821667   1.167124530e+01     6.639954385e-03    -1.166796210e-04     3.007855107e+00     3.768918552e-03    -6.006165404e-05     1.768809059e-01     8.249288526e-01
7.77065643333   3.526672414e+01     1.285516678e-01    -2.387638770e-03     3.073607982e+00     3.862090597e-02    -5.981646840e-04     4.254275428e-01     1.213960980e+00
11.6559846500   3.526672414e+01     1.285516678e-01    -2.387638770e-03     3.073607982e+00     3.862090597e-02    -5.981646840e-04     4.254275428e-01     1.213960980e+00
15.5413128667   4.732103818e+01     2.918072692e-01    -5.634003856e-03     3.131004500e+00     7.039594571e-02    -1.072924547e-03     4.890370999e-01     1.362355783e+00
19.4266410833   5.962623544e+01     5.392743381e-01    -1.090795354e-02     3.201830741e+00     1.095618282e-01    -1.641878103e-03     5.162809693e-01     1.474416173e+00
23.3119693000   7.222977426e+01     8.635853123e-01    -1.847138830e-02     3.282659444e+00     1.529686950e-01    -2.251453074e-03     5.105071551e-01     1.550122535e+00
27.1972975167   8.516573479e+01     1.239202282e+00    -2.835946595e-02     3.369729993e+00     1.966707192e-01    -2.838504361e-03     4.747416363e-01     1.591795047e+00
31.0826257333   9.845363615e+01     1.623107038e+00    -4.035646239e-02     3.459370270e+00     2.363394517e-01    -3.337033843e-03     4.123817484e-01     1.603135265e+00
34.9679539500   1.120981037e+02     1.958307745e+00    -5.400345709e-02     3.548209830e+00     2.678829544e-01    -3.687852560e-03     3.282368180e-01     1.588286016e+00
38.8532821667   1.260889697e+02     2.180400346e+00    -6.864883050e-02     3.633184936e+00     2.882507658e-01    -3.850956297e-03     2.291207808e-01     1.550910786e+00
42.7386103833   1.404017536e+02     2.226556128e+00    -8.354326362e-02     3.711438657e+00     2.961432408e-01    -3.816057803e-03     1.234990717e-01     1.493419374e+00
46.6239386000   1.549988024e+02     2.044993967e+00    -9.796049641e-02     3.780266708e+00     2.922603588e-01    -3.605314072e-03     2.026496252e-02     1.416591424e+00
50.5092668167   1.698313675e+02     1.602302116e+00    -1.113091627e-01     3.837200978e+00     2.789473527e-01    -3.266005695e-03    -7.279158172e-02     1.319788350e+00
54.3945950333   1.848425708e+02     8.866269185e-01    -1.232032722e-01     3.880212759e+00     2.594271323e-01    -2.856570738e-03    -1.501481240e-01     1.201691129e+00
58.2799232500   1.999708923e+02    -9.363282266e-02    -1.334776277e-01     3.907951261e+00     2.369745549e-01    -2.432225929e-03    -2.089334231e-01     1.061239578e+00
62.1652514667   2.151537440e+02    -1.314459636e+00    -1.421561657e-01     3.919930347e+00     2.143097979e-01    -2.035112509e-03    -2.485521276e-01     8.983755140e-01
66.0505796833   2.303308786e+02    -2.742444870e+00    -1.493927893e-01     3.916646417e+00     1.932510847e-01    -1.689990343e-03    -2.699071265e-01     7.158953467e-01
69.9359079000   2.454468397e+02    -4.343065385e+00    -1.553671219e-01     3.899398185e+00     1.734080220e-01    -1.385339371e-03    -2.739080118e-01     5.188686560e-01
73.8212361167   2.604525255e+02    -6.085991866e+00    -1.602115143e-01     3.869974349e+00     1.542416390e-01    -1.108345620e-03    -2.603704730e-01     3.105618918e-01
77.7065643333   2.753081843e+02    -7.942995954e+00    -1.640576418e-01     3.831144111e+00     1.367420766e-01    -8.714755348e-04    -2.288237026e-01     9.339949486e-02
81.5918925500   2.899926284e+02    -9.894272753e+00    -1.670021931e-01     3.789996474e+00     1.180149811e-01    -6.442529660e-04    -1.794837264e-01    -1.295919932e-01
85.4772207667   3.045085887e+02    -1.192876800e+01    -1.691116710e-01     3.752122907e+00     9.927982901e-02    -4.416156201e-04    -1.135245965e-01    -3.558752796e-01
89.3625489833   3.188622183e+02    -1.402819686e+01    -1.705646041e-01     3.712877207e+00     8.439220266e-02    -3.062919074e-04    -3.336241060e-02    -5.808252506e-01
93.2478772000   3.330344677e+02    -1.616828755e+01    -1.715917982e-01     3.663443575e+00     7.201922279e-02    -2.224634686e-04     5.707523188e-02    -7.971004082e-01
97.1332054167   3.469763167e+02    -1.832737807e+01    -1.723663086e-01     3.597553766e+00     6.110458456e-02    -1.762212146e-04     1.522301996e-01    -9.971076986e-01
101.018533633   3.606194474e+02    -2.048648731e+01    -1.730059172e-01     3.511867874e+00     5.072005269e-02    -1.530217812e-04     2.451983543e-01    -1.173782677e+00
104.903861850   3.738873988e+02    -2.263003413e+01    -1.735687727e-01     3.405869877e+00     3.996835817e-02    -1.367120660e-04     3.284564817e-01    -1.320509204e+00
108.789190067   3.867064871e+02    -2.474650065e+01    -1.740518198e-01     3.281834382e+00     2.810937023e-02    -1.119398459e-04     3.947321832e-01    -1.431193100e+00
112.674518283   3.990163514e+02    -2.682853325e+01    -1.744011033e-01     3.144609440e+00     1.477558983e-02    -6.785626020e-05     4.375379416e-01    -1.500453084e+00
116.559846500   4.107770355e+02    -2.887229465e+01    -1.745329252e-01     3.000000000e+00     0.000000000e+00     0.000000000e+00     4.597723170e-01    -1.536222580e+00
