0.00000000000  0.000000000     0.00000000000     0.0000000000000     3.000000000e+00     0.000000000e+00     0.000000000e+00     0.000000000e+00     6.024201667e-01
5.15344187333  15.48963565    -0.01904407786     0.0003401938796     3.011372247e+00    -8.415269782e-03     1.320258915e-04    -2.708163795e-01     8.516080776e-01
10.3068837467  31.09573448    -0.11067610630     0.0020489208160     3.045134101e+00    -3.440997469e-02     5.311141908e-04    -4.686749331e-01     1.069609478e+00
15.4603256200  46.92788640    -0.32992394810     6.409426771e-03     3.098675449e+00    -7.677943278e-02     1.161155193e-03    -5.759198328e-01     1.233138002e+00
20.6137674933  63.07589306    -0.69460898330     1.435894967e-02     3.166236849e+00    -1.300890935e-01     1.923976294e-03    -6.100000000e-01     1.332842000e+00
25.7672093667  79.59661351    -1.17709680300     2.631108531e-02     3.239927606e+00    -1.879365822e-01     2.714529750e-03    -6.100000000e-01     1.372069421e+00
30.9206512400  96.50610327    -1.71207933100     4.219754354e-02     3.311272808e+00    -2.448902009e-01     3.450848116e-03    -5.978723456e-01     1.361235168e+00
36.0740931133  113.7821640    -2.20854689100     6.155213004e-02     3.374206858e+00    -2.958067579e-01     4.060476152e-03    -5.480331573e-01     1.313794388e+00
41.2275349867  131.3776661    -2.55824843500     8.352381354e-02     3.426619820e+00    -3.350674181e-01     4.466517671e-03    -4.447738875e-01     1.244365523e+00
46.3809768600  149.2343182    -2.64572036900     1.069164164e-01     3.468952120e+00    -3.581461305e-01     4.611920967e-03    -3.003043602e-01     1.166746915e+00
51.5344187333  167.2902573    -2.36443100800     1.303561472e-01     3.502464434e+00    -3.632729633e-01     4.484807530e-03    -1.314784599e-01     1.091002652e+00
56.6878606067  185.4836359    -1.63394990500     1.525330712e-01     3.528219009e+00    -3.517622783e-01     4.121838097e-03     4.226985031e-02     1.021110226e+00
61.8413024800  203.7547697    -0.41149778290     1.724160844e-01     3.546577174e+00    -3.273005650e-01     3.594563378e-03     2.034101838e-01     9.547143119e-01
66.9947443533  222.0475317     1.30539685000     1.893705266e-01     3.557235084e+00    -2.945870178e-01     2.985288526e-03     3.400873804e-01     8.851830134e-01
72.1481862267  240.3099908     3.48459675100     2.031574396e-01     3.559522549e+00    -2.580562442e-01     2.365276554e-03     4.472253250e-01     8.047735559e-01
77.3016281000  258.4942259     6.06988830100     2.138491741e-01     3.552738897e+00    -2.211134700e-01     1.784080231e-03     5.250450553e-01     7.074112529e-01
82.4550699733  276.5556455     8.99442173100     2.216794229e-01     3.536582522e+00    -1.850232075e-01     1.254762129e-03     5.760267006e-01     5.976968921e-01
87.6085118467  294.4536820     12.1937547600     2.268732828e-01     3.511763655e+00    -1.491881863e-01     7.609237289e-04     6.017151434e-01     4.903691233e-01
92.7619537200  312.1552258     15.6106916500     2.295921091e-01     3.479971071e+00    -1.134125308e-01     2.942259607e-04     6.100000000e-01     3.936084510e-01
97.9153955933  329.6371250     19.1931830500     2.299818712e-01     3.442931861e+00    -7.811394448e-02    -1.429631541e-04     6.099915197e-01     3.082704024e-01
103.068837467  346.8854594     22.8930785600     2.282001415e-01     3.402138844e+00    -4.368030255e-02    -5.485085601e-04     5.934515077e-01     2.352641432e-01
108.222279340  363.8949556     26.6655262700     2.244337493e-01     3.359212579e+00    -1.093167474e-02    -9.131911418e-04     5.468986414e-01     1.751866440e-01
113.375721213  380.6693615     30.4671019900     2.189423037e-01     3.315794490e+00     1.866826292e-02    -1.217984776e-03     4.653040405e-01     1.278924746e-01
118.529163087  397.2205947     34.2539322300     2.121021623e-01     3.273217067e+00     4.313117198e-02    -1.436606659e-03     3.476446896e-01     9.227645434e-02
123.682604960  413.5659869     37.9809844700     2.044294911e-01     3.232243330e+00     6.028724676e-02    -1.541081429e-03     1.969931158e-01     6.648007387e-02
128.836046833  429.7240357     41.6035495100     1.965636652e-01     3.192926155e+00     6.841473530e-02    -1.511568071e-03     2.266345363e-02     4.837727035e-02
133.989488707  445.7096693     45.0815575200     1.891956345e-01     3.154680387e+00     6.700198502e-02    -1.347892050e-03    -1.594865797e-01     3.601545346e-02
139.142930580  461.5307639     48.3856919900     1.829540332e-01     3.116632438e+00     5.712682207e-02    -1.074411880e-03    -3.294746253e-01     2.783699130e-02
144.296372453  477.1876213     51.5023350000     1.782983279e-01     3.078129566e+00     4.106919772e-02    -7.324214712e-04    -4.675708386e-01     2.271543153e-02
149.449814327  492.6756768     54.4344972200     1.754720037e-01     3.039114811e+00     2.138429802e-02    -3.644471042e-04    -5.575757884e-01     1.991785414e-02
154.603256200  507.9894825     57.1981530400     1.745329252e-01     3.000000000e+00     0.000000000e+00     0.000000000e+00    -6.047371523e-01     1.861154172e-02
