0.0000000000000000     0.000000000e+00     0.000000000e+00     0.000000000e+00     3.000000000e+00     0.000000000e+00     0.000000000e+00     0.000000000e+00     6.024201667e-01     0.000000000e+00     -7.896390026e-02
14.7332093618600108     4.726962542e+01     -9.599145010e-01     2.262526715e-02     3.412922780e+00     -2.075710599e-01     3.071329075e-03     -6.099999979e-01     2.349999987e+00     3.144677777e+00     -3.842226066e-03
29.4664187281399848     1.032962480e+02     -2.985417302e+00     1.056279190e-01     4.150146117e+00     -5.854708836e-01     8.196094031e-03     -6.099999984e-01     2.349999978e+00     3.947453488e+00     3.842225997e-03
44.1996280900000045     1.677416546e+02     -1.850439581e+00     2.418910581e-01     4.498387577e+00     -8.021714706e-01     1.030132032e-02     -6.099999975e-01     1.639975635e+00     4.499221194e+00     -3.842225880e-03
58.9328374386001173     2.343982349e+02     7.144623865e+00     3.928957848e-01     4.499999994e+00     -8.665856165e-01     1.019723134e-02     -6.099999975e-01     1.492397011e+00     4.716246297e+00     3.842225888e-03
73.6660468313998678     2.992241820e+02     2.529320728e+01     5.424718832e-01     4.487852438e+00     -9.055942138e-01     1.010738726e-02     -6.099999974e-01     1.627727768e+00     4.843424256e+00     -3.842225881e-03
88.3992561800000090     3.609185752e+02     5.247544432e+01     6.920110051e-01     4.499999982e+00     -9.386863488e-01     1.019221185e-02     -6.099999976e-01     1.617911265e+00     4.964599451e+00     3.842225852e-03
103.1324655286001217     4.181893763e+02     8.834202845e+01     8.423419059e-01     4.499999989e+00     -9.579846458e-01     1.021486947e-02     -6.099999974e-01     1.613072364e+00     5.085105018e+00     -3.842225826e-03
117.8656749213998722     4.696158819e+02     1.322384166e+02     9.930016595e-01     4.499178130e+00     -9.706712445e-01     1.023685288e-02     -6.099999976e-01     1.630714277e+00     5.205052306e+00     3.842225806e-03
132.5988842699999850     5.139993565e+02     1.832855453e+02     1.144031281e+00     4.499999991e+00     -9.796962274e-01     1.026507818e-02     -6.099999975e-01     1.630630856e+00     5.325211792e+00     -3.842225795e-03
147.3320936186001120     5.502918110e+02     2.404010183e+02     1.295405508e+00     4.499999661e+00     -9.856001965e-01     1.028363233e-02     -6.099999975e-01     1.636257899e+00     5.445614763e+00     3.842225790e-03
162.0653030113998625     5.776197876e+02     3.023234165e+02     1.447021559e+00     4.499999990e+00     -9.896012762e-01     1.029790530e-02     -6.099999975e-01     1.636250054e+00     5.566269435e+00     -3.842225788e-03
176.7985123600000179     5.953249067e+02     3.676610526e+02     1.598820889e+00     4.499999954e+00     -9.923178740e-01     1.030851191e-02     -6.099999975e-01     1.640152281e+00     5.687149816e+00     3.842225796e-03
191.5317217086001165     6.029750813e+02     4.349278265e+02     1.750755177e+00     4.499999984e+00     -9.941653741e-01     1.031622556e-02     -6.099999975e-01     1.638950283e+00     5.808160566e+00     -3.842225802e-03
206.2649311013998670     6.003751343e+02     5.025826342e+02     1.902786996e+00     4.499999985e+00     -9.954233558e-01     1.032175158e-02     -6.099999974e-01     1.642013965e+00     5.929292303e+00     3.842225823e-03
220.9981404499999940     5.875711440e+02     5.690686557e+02     2.054888383e+00     4.499999964e+00     -9.962808244e-01     1.032566928e-02     -6.099999975e-01     1.640235075e+00     6.050520794e+00     -3.842225836e-03
235.7313497986001209     5.648488401e+02     6.328519053e+02     2.207038935e+00     4.499999990e+00     -9.968657885e-01     1.032842558e-02     -6.099999972e-01     1.642897294e+00     6.171851272e+00     3.842225876e-03
250.4645591913998715     5.327275804e+02     6.924567117e+02     2.359214080e+00     4.499726422e+00     -9.971752108e-01     1.032900774e-02     -6.099999973e-01     1.639716546e+00     6.293233317e+00     -3.842225892e-03
265.1977685399999700     4.919444667e+02     7.465064879e+02     2.511415345e+00     4.499999992e+00     -9.975445139e-01     1.033197131e-02     -6.099999967e-01     1.645291916e+00     6.415020890e+00     3.842225969e-03
279.9309778886001254     4.434491855e+02     7.937438040e+02     2.663579855e+00     4.498215550e+00     -9.971435925e-01     1.032401844e-02     -6.099999968e-01     1.631799215e+00     6.537171792e+00     -3.842225977e-03
294.6641872813998475     3.883533439e+02     8.330846234e+02     2.815768036e+00     4.499999990e+00     -9.979004996e-01     1.033518444e-02     -6.099999955e-01     1.658321553e+00     6.663981217e+00     3.842226150e-03
309.3973966299999461     3.279185872e+02     8.636256799e+02     2.968036322e+00     4.499999988e+00     -9.979803180e-01     1.033489260e-02     -6.099999951e-01     1.626449145e+00     6.799411520e+00     -3.842226096e-03
324.1306059786001015     2.643245676e+02     8.845064822e+02     3.116665848e+00     4.398107989e+00     -9.651262459e-01     9.841230883e-03     -6.099999773e-01     1.175749083e+00     7.081187947e+00     3.842228514e-03
338.8638153713998804     2.004301617e+02     8.951929953e+02     3.246101435e+00     4.238122202e+00     -8.228288099e-01     7.729358611e-03     6.047034645e-02     9.693923301e-01     7.907968800e+00     8.717260840e-02
353.5970247200000358     1.370073815e+02     8.959724096e+02     3.330302513e+00     4.282901803e+00     -5.426504494e-01     3.700748226e-03     6.099999593e-01     1.593804815e+00     8.885227925e+00     -1.257520070e-02
368.3302340686001344     7.251440822e+01     8.886013908e+02     3.354544123e+00     4.499999983e+00     -2.259811707e-01     -4.100042668e-04     6.099999940e-01     1.532847192e+00     9.688523533e+00     1.257520540e-02
383.0634434613998565     7.222570052e+00     8.768881339e+02     3.330526074e+00     4.499999991e+00     1.498489402e-02     -2.850391797e-03     6.099999763e-01     3.454714026e-01     1.073537617e+01     -1.257520781e-02
397.7966528100000119     -5.631134196e+01     8.649679894e+02     3.280860825e+00     4.272000347e+00     1.668463724e-01     -3.891554020e-03     6.099999936e-01     -3.212819062e-01     1.135558422e+01     1.257521016e-02
412.5298621586001104     -1.168114608e+02     8.551214007e+02     3.220286711e+00     4.038351412e+00     2.617326550e-01     -4.331245558e-03     5.443982680e-01     -4.943543467e-01     1.144666809e+01     -2.148049671e-02
427.2630715513998894     -1.737784454e+02     8.485426772e+02     3.164986395e+00     3.734202191e+00     2.273711259e-01     -3.175647774e-03     -2.824265049e-01     -1.137219660e+00     1.246698208e+01     -9.075910464e-02
441.9962808999999879     -2.233399441e+02     8.462247168e+02     3.141592654e+00     3.000000000e+00     0.000000000e+00     0.000000000e+00     -6.099999766e-01     -2.206274899e+00     1.415275349e+01     4.629174337e-02
