0.0000000000     0.000000000e+00     0.000000000e+00     0.000000000e+00     3.000000000e+00     0.000000000e+00     0.000000000e+00     0.000000000e+00     6.024201667e-01
7.7489007458917758     2.338586164e+01     -6.266355802e-02     1.180577425e-03     3.035895988e+00     -1.975765898e-02     3.047081963e-04     -3.299784033e-01     1.064248330e+00
15.4978014941082218     4.734840064e+01     -3.681278353e-01     7.381591028e-03     3.148292709e+00     -8.590867646e-02     1.295780308e-03     -5.414369007e-01     1.470226870e+00
23.2467022400000012     7.249057279e+01     -1.076065718e+00     2.373268402e-02     3.336592267e+00     -1.992874035e-01     2.924455105e-03     -6.100000000e-01     1.779162821e+00
30.9956029789177627     9.935674074e+01     -2.115491313e+00     5.390906166e-02     3.580598684e+00     -3.416540579e-01     4.864101827e-03     -6.099999751e-01     1.976855770e+00
38.7445037410822337     1.282913671e+02     -3.110642503e+00     9.898607829e-02     3.844553500e+00     -4.909645968e-01     6.770326791e-03     -6.099999065e-01     2.070229549e+00
46.4934044800000024     1.593348648e+02     -3.449019623e+00     1.577242141e-01     4.090087297e+00     -6.289517736e-01     8.390052066e-03     -6.099999842e-01     2.074007567e+00
54.2423052189177639     1.922043702e+02     -2.425458954e+00     2.273127205e-01     4.288499248e+00     -7.426692636e-01     9.570819636e-03     -6.099999872e-01     2.004761848e+00
61.9912059810822313     2.263529669e+02     5.963488310e-01     3.041989652e-01     4.423952632e+00     -8.259860446e-01     1.027360652e-02     -6.099999889e-01     1.879240972e+00
69.7401067200000000     2.610754204e+02     6.056895517e+00     3.848584502e-01     4.492455277e+00     -8.785219662e-01     1.054469722e-02     -6.099999945e-01     1.713606391e+00
77.4890074589177544     2.956315905e+02     1.415105387e+01     4.662142676e-01     4.499989764e+00     -9.022996010e-01     1.045333066e-02     -5.944866773e-01     1.523056496e+00
85.2379082210822219     3.293584527e+02     2.486585456e+01     5.454780954e-01     4.462074911e+00     -8.964069928e-01     1.000475240e-02     -5.121371766e-01     1.322102856e+00
92.9868089600000047     3.617433471e+02     3.805653009e+01     6.197799390e-01     4.398255547e+00     -8.586538403e-01     9.172636918e-03     -3.534329076e-01     1.124504615e+00
100.7357096989177592     3.924495445e+02     5.348461720e+01     6.863904421e-01     4.322773496e+00     -7.929161094e-01     8.019608792e-03     -1.519226023e-01     9.403666065e-01
108.4846104610822266     4.213112135e+02     7.082221416e+01     7.434210930e-01     4.241882961e+00     -7.094948146e-01     6.700066285e-03     5.918406201e-02     7.730941764e-01
116.2335111999999953     4.483061358e+02     8.967940343e+01     7.900983798e-01     4.157011610e+00     -6.178436696e-01     5.347393861e-03     2.520725319e-01     6.215824963e-01
123.9824119389177639     4.735144371e+02     1.096544529e+02     8.264978006e-01     4.068209397e+00     -5.243945694e-01     4.047337516e-03     4.084012094e-01     4.848903985e-01
131.7313127010822313     4.970831467e+02     1.303727085e+02     8.532763488e-01     3.975987496e+00     -4.341006602e-01     2.864235799e-03     5.200773146e-01     3.639248796e-01
139.4802134400000000     5.191971095e+02     1.515116677e+02     8.714364400e-01     3.881937342e+00     -3.493934017e-01     1.822904099e-03     5.854571762e-01     2.608857627e-01
147.2291141789177402     5.400540329e+02     1.728152146e+02     8.820637781e-01     3.788439313e+00     -2.708775848e-01     9.200237256e-04     6.100000000e-01     1.781364589e-01
154.9780149410822219     5.598481889e+02     1.940928100e+02     8.861712398e-01     3.697715677e+00     -1.982994204e-01     1.401166794e-04     6.099971792e-01     1.165279716e-01
162.7269156799999905     5.787591338e+02     2.152073315e+02     8.846264621e-01     3.610739746e+00     -1.308862798e-01     -5.388256067e-04     6.100000000e-01     7.426412391e-02
170.4758164189177592     5.969444996e+02     2.360588747e+02     8.781286270e-01     3.527367074e+00     -6.778363774e-02     -1.138273024e-03     6.069345977e-01     4.740235375e-02
178.2247171810822408     6.145441670e+02     2.565707552e+02     8.673178500e-01     3.447821825e+00     -9.801324259e-03     -1.652000774e-03     5.575488040e-01     3.140434575e-02
185.9736179200000095     6.316950395e+02     2.766784122e+02     8.530548259e-01     3.373183672e+00     3.931354165e-02     -2.029301876e-03     4.345494819e-01     2.236952465e-02
193.7225186589177781     6.485398712e+02     2.963199664e+02     8.366947921e-01     3.304272834e+00     7.382150489e-02     -2.193241335e-03     2.421467091e-01     1.747127143e-02
201.4714194210822313     6.652171032e+02     3.154316739e+02     8.201252399e-01     3.240554465e+00     8.869706906e-02     -2.083378816e-03     1.373033249e-03     1.488252549e-02
209.2203201600000000     6.818333600e+02     3.339548619e+02     8.054310554e-01     3.179909638e+00     8.318679189e-02     -1.709206801e-03     -2.467781920e-01     1.352290232e-02
216.9692208989177686     6.984359105e+02     3.518543418e+02     7.943005753e-01     3.119865838e+00     6.205603174e-02     -1.163582723e-03     -4.522940445e-01     1.280197577e-02
224.7181216610822219     7.150097804e+02     3.691353722e+02     7.875952474e-01     3.059579507e+00     3.251078102e-02     -5.670700263e-04     -5.719753882e-01     1.243084296e-02
232.4670223999999905     7.315032080e+02     3.858437684e+02     7.853981634e-01     3.000000000e+00     0.000000000e+00     0.000000000e+00     -6.099999319e-01     1.224619952e-02
