0.0000000000000000     0.000000000e+00     0.000000000e+00     0.000000000e+00     3.000000000e+00     0.000000000e+00     0.000000000e+00     0.000000000e+00     6.024201667e-01
10.489003143333333     3.177895333e+01    -1.502090611e-01     3.013585519e-03     3.059379974e+00    -3.786110742e-02     5.746180980e-04    -4.349630860e-01     1.161755858e+00
20.978006286666666     6.482425878e+01    -7.994565289e-01     1.783738298e-02     3.239249941e+00    -1.529556022e-01     2.251922663e-03    -6.099999709e-01     1.606093096e+00
31.467009430000004     1.003402121e+02    -2.003499197e+00     5.371531149e-02     3.518263613e+00    -3.237880789e-01     4.589133253e-03    -6.100000000e-01     1.875671364e+00
41.956012573333332     1.391248907e+02    -3.065530387e+00     1.139463708e-01     3.831927365e+00    -5.070545778e-01     6.895477536e-03    -6.100000000e-01     1.981566825e+00
52.445015716666667     1.812174259e+02    -2.669802079e+00     1.958024529e-01     4.109711673e+00    -6.688070638e-01     8.712503692e-03    -6.100000000e-01     1.968477921e+00
62.934018860000009     2.258883241e+02     6.490624789e-01     2.932027598e-01     4.311861678e+00    -7.906610723e-01     9.859386427e-03    -6.100000000e-01     1.883878678e+00
73.423022003333344     2.719228506e+02     8.048504895e+00     3.994894197e-01     4.431631728e+00    -8.706277726e-01     1.040691695e-02    -6.100000000e-01     1.772789297e+00
83.912025146666664     3.179925531e+02     2.015446687e+01     5.094094726e-01     4.485349369e+00    -9.170544776e-01     1.055218687e-02    -6.100000000e-01     1.678115006e+00
94.401028289999999     3.629549300e+02     3.711480762e+01     6.198560818e-01     4.500000000e+00    -9.422036440e-01     1.050731853e-02    -6.100000000e-01     1.629286920e+00
104.89003143333333     4.059722039e+02     5.879389224e+01     7.296326889e-01     4.500000000e+00    -9.567981327e-01     1.042443363e-02    -6.100000000e-01     1.620849363e+00
115.37903457666667     4.464522402e+02     8.494325842e+01     8.386855082e-01     4.498726372e+00    -9.670376626e-01     1.036930965e-02    -6.100000000e-01     1.629074075e+00
125.86803772000002     4.839267906e+02     1.152751735e+02     9.473438869e-01     4.500000000e+00    -9.753115249e-01     1.034922332e-02    -6.100000000e-01     1.639584027e+00
136.35704086333334     5.179598060e+02     1.494543287e+02     1.055817348e+00     4.500000000e+00    -9.810836298e-01     1.033405028e-02    -6.100000000e-01     1.627974096e+00
146.84604400666669     5.480950445e+02     1.870248745e+02     1.163778115e+00     4.485176202e+00    -9.804354634e-01     1.025146498e-02    -6.100000000e-01     1.558618903e+00
157.33504715000001     5.738675498e+02     2.273324130e+02     1.269869323e+00     4.440755078e+00    -9.654152343e-01     9.977570412e-03    -5.833479110e-01     1.422127204e+00
167.82405029333333     5.948928750e+02     2.695703566e+02     1.370987274e+00     4.368626555e+00    -9.219746135e-01     9.303184862e-03    -4.534420171e-01     1.240480698e+00
178.31305343666668     6.109909846e+02     3.129240565e+02     1.462137131e+00     4.284058826e+00    -8.391574619e-01     8.076895101e-03    -2.175501106e-01     1.043636636e+00
188.80205658000000     6.223163735e+02     3.566498957e+02     1.538283275e+00     4.195447796e+00    -7.246834510e-01     6.442338605e-03     5.458053883e-02     8.494348038e-01
199.29105972333335     6.294063516e+02     4.000974942e+02     1.596802182e+00     4.100572427e+00    -5.980337339e-01     4.715806064e-03     2.994637839e-01     6.622114523e-01
209.78006286666667     6.330541100e+02     4.427535030e+02     1.637848700e+00     3.996014225e+00    -4.731396701e-01     3.110775222e-03     4.792807744e-01     4.869443792e-01
220.26906600999999     6.341091921e+02     4.842779211e+02     1.663153274e+00     3.882643641e+00    -3.564424219e-01     1.714196898e-03     5.813355752e-01     3.323715620e-01
230.75806915333334     6.333447165e+02     5.245017239e+02     1.675004381e+00     3.765118899e+00    -2.503934783e-01     5.455234356e-04     6.100000000e-01     2.075067574e-01
241.24707229666666     6.313998842e+02     5.633917029e+02     1.675635663e+00     3.648512943e+00    -1.544334855e-01    -4.251531185e-04     6.100000000e-01     1.186280241e-01
251.73607544000004     6.287736700e+02     6.009978401e+02     1.666899869e+00     3.535823303e+00    -6.705781339e-02    -1.240552260e-03     6.019619899e-01     6.419825347e-02
262.22507858333336     6.258619291e+02     6.374141081e+02     1.650513253e+00     3.429417551e+00     9.602176820e-03    -1.883980154e-03     5.150066337e-01     3.539041830e-02
272.71408172666668     6.230192560e+02     6.727645262e+02     1.628963228e+00     3.332168839e+00     6.576292722e-02    -2.225090177e-03     2.994183876e-01     2.185029398e-02
283.20308487000000     6.205888693e+02     7.071787547e+02     1.606228752e+00     3.244448635e+00     8.917311878e-02    -2.109826155e-03    -1.089637097e-02     1.600301841e-02
293.69208801333338     6.188425271e+02     7.407418417e+02     1.587030332e+00     3.162094782e+00     7.761259360e-02    -1.550849639e-03    -3.270440405e-01     1.359711718e-02
304.18109115666670     6.178747359e+02     7.734721009e+02     1.574846613e+00     3.080652989e+00     4.312373179e-02    -7.722918794e-04    -5.353279337e-01     1.264244479e-02
314.67009430000002     6.175831370e+02     8.053610465e+02     1.570796327e+00     3.000000000e+00     0.000000000e+00     0.000000000e+00    -6.100000000e-01     1.225967462e-02
