0.0000000000000000     0.000000000e+00     0.000000000e+00     0.000000000e+00     3.000000000e+00     0.000000000e+00     0.000000000e+00     0.000000000e+00     6.024201667e-01
7.0175720426315760     2.110449921e+01     1.827821292e-02     -3.419221008e-04     3.014756160e+00     6.240081863e-03     -9.744740737e-05     1.607302463e-01   8.325278422e-01
14.035144087368422     4.244210094e+01      1.189313821e-01     -2.328951559e-03     3.066370958e+00     3.061827425e-02     -4.688537137e-04     3.382506896e-01  1.115774519e+00
21.052716130000000     6.432982061e+01      3.989679851e-01     -8.324467198e-03     3.170962276e+00     8.273247619e-02     -1.239861381e-03     4.662535068e-01  1.439919515e+00
28.070288166315759     8.719688373e+01     9.393138383e-01     -2.137727891e-02     3.342693655e+00     1.691555083e-01     -2.480175016e-03     5.480664820e-01  1.768233841e+00
35.087860223684238     1.115304210e+02      1.733339027e+00     -4.458432211e-02     3.580184569e+00     2.884855622e-01     -4.133805733e-03     5.884818807e-01  2.031064413e+00
42.105432260000000     1.377263977e+02     2.594831771e+00     -7.997322077e-02     3.854611123e+00     4.261921332e-01     -5.951989876e-03     6.030471032e-01  2.163215555e+00
49.123004296315755     1.658997359e+02       3.116867922e+00     -1.274765504e-01     4.115278198e+00     5.596094748e-01     -7.586404705e-03    6.100000000e-01  2.138027544e+00
56.140576353684238     1.957851214e+02      2.751291729e+00     -1.848113531e-01     4.314956343e+00     6.682246570e-01     -8.753948427e-03     6.052910481e-01  1.982380613e+00
63.158148389999993     2.268205773e+02      9.697730929e-01     -2.482966738e-01     4.434719227e+00     7.409135301e-01     -9.339295307e-03     5.767444331e-01  1.765402665e+00
70.175720426315749     2.583603219e+02     -2.601898854e+00     -3.140771012e-01     4.487126789e+00     7.780406993e-01     -9.408051210e-03     5.238024914e-01 1.570204660e+00
77.193292483684231     2.898682004e+02     -8.147697815e+00     -3.790732245e-01     4.500000000e+00     7.868494353e-01     -9.115769518e-03     4.514307351e-01 1.441084146e+00
84.210864520000001     3.209858875e+02     -1.570661999e+01     -4.412008519e-01     4.496722949e+00     7.743642691e-01     -8.590533191e-03     3.654089988e-01 1.355991754e+00
91.228436556315756     3.514912050e+02     -2.522894474e+01     -4.990746748e-01     4.488020784e+00     7.450576996e-01     -7.903440086e-03    2.714469455e-01 1.278552108e+00
98.246008613684239     3.812372459e+02     -3.660423443e+01     -5.517298572e-01     4.476389281e+00     7.024871770e-01     -7.103226608e-03     1.750787623e-01     1.198795286e+00
105.2635806499999944     4.101291398e+02     -4.967617858e+01     -5.985426265e-01     4.463185485e+00     6.504109124e-01     -6.238359076e-03     8.199543057e-02     1.130718174e+00
112.2811526863157496     4.381289063e+02     -6.426486073e+01     -6.392124080e-01     4.451712951e+00     5.923039721e-01     -5.352482093e-03     -2.414452608e-03     1.090062257e+00
119.2987247436842324     4.652615243e+02     -8.019548792e+01     -6.736925846e-01     4.447216415e+00     5.305895201e-01     -4.474328781e-03     -7.383187561e-02     1.089736874e+00
126.3162967799999876     4.916118462e+02     -9.732232620e+01     -7.020832082e-01     4.455647540e+00     4.665556935e-01     -3.616966435e-03     -1.289863425e-01     1.128333626e+00
133.3338688163157428     5.173065646e+02     -1.155308308e+02     -7.245810108e-01     4.478894393e+00     4.014427673e-01     -2.794881563e-03     -1.649442987e-01     1.166257845e+00
140.3514408736842256     5.424529917e+02     -1.346775962e+02     -7.416615332e-01     4.499112535e+00     3.397648755e-01     -2.073047752e-03     -1.790307582e-01     1.046901182e+00
147.3690129099999808     5.670421029e+02     -1.544893453e+02     -7.543072084e-01     4.479014104e+00     2.875074158e-01     -1.530955211e-03     -1.695853625e-01     6.545280456e-01
154.3865849463157360     5.909370210e+02     -1.745766557e+02     -7.637428622e-01     4.401937281e+00     2.454635617e-01     -1.158195312e-03     -1.365725625e-01     1.127760915e-01
161.4041570036842472     6.140233021e+02     -1.946443133e+02     -7.707378803e-01     4.304452041e+00     2.045228756e-01     -8.353768499e-04     -8.195928845e-02     -4.753823005e-01
168.4217290400000024     6.362579511e+02     -2.145439509e+02     -7.755297490e-01     4.191903839e+00     1.616002715e-01     -5.303002426e-04     -9.714568316e-03     -8.997101261e-01
175.4393010763157577     6.575795446e+02     -2.341034275e+02     -7.785211616e-01     4.049387850e+00     1.243062824e-01     -3.222489193e-04     7.500735040e-02     -1.017728099e+00
182.4568731336842404     6.779487856e+02     -2.531447417e+02     -7.804850647e-01     3.894280280e+00     9.632742711e-02     -2.374612377e-04     1.666882779e-01     -1.072009453e+00
189.4744451699999956     6.973399334e+02     -2.715317455e+02     -7.821188742e-01     3.719732722e+00     7.470291616e-02     -2.281725793e-04     2.587719435e-01     -1.221088245e+00
196.4920172063157509     7.156362476e+02     -2.891029463e+02     -7.836636713e-01     3.508817162e+00     5.314169829e-02     -2.120928318e-04     3.416812052e-01     -1.392459598e+00
203.5095892636842336     7.326606670e+02     -3.056844605e+02     -7.849030115e-01     3.263717873e+00     2.841263191e-02     -1.411177168e-04     4.014574168e-01 -1.499248051e+00
210.5271612999999888     7.482759600e+02     -3.211507461e+02     -7.853981634e-01     3.000000000e+00     0.000000000e+00     0.000000000e+00     4.297103222e-01 1.550075198e+00
