  8.51229810  53.33992680
  8.51219350  53.34001720
  8.51210050  53.34011450
  8.51185260  53.34044140
  8.51157760  53.34075440
  8.51122900  53.34112530
  8.51105080  53.34126900
  8.51089590  53.34135710
  8.51079130  53.34139420
  8.51067510  53.34141970
  8.51058220  53.34142430
  8.51039620  53.34141270
  8.51000120  53.34135710
  8.50933880  53.34121800
  8.50960610  53.34120640
  8.50972230  53.34121100
  8.51009410  53.34128290
  8.51023360  53.34130140
  8.51044270  53.34131540
  8.51055120  53.34130840
  8.51065190  53.34128750
  8.51072940  53.34125970
  8.51086100  53.34118320
  8.51094240  53.34112060
  8.51122510  53.34080300
  8.51184490  53.34004500
  8.51196500  53.33991290
  8.51210050  53.33978770
  8.51226320  53.33967640
  8.51235620  53.33958600
  8.51243750  53.33942600
  8.51253050  53.33928230
  8.51256530  53.33914320
  8.51255760  53.33901110
  8.51239490  53.33895310
  8.51219740  53.33889750
  8.51209280  53.33884180
  8.51206180  53.33879550
  8.51194170  53.33845240
  8.51180620  53.33813940
  8.51172870  53.33774760
  8.51167060  53.33755280
  8.51164350  53.33749490
  8.51158540  53.33743230
  8.51152730  53.33739750
  8.51143820  53.33737900
  8.51142270  53.33736970
  8.51143040  53.33728620
  8.51155050  53.33700110
  8.51165510  53.33662550
  8.51166670  53.33635660
  8.51170540  53.33628000
  8.51177130  53.33621050
  8.51179070  53.33665100
  8.51180620  53.33681330
  8.51184100  53.33700110
  8.51195330  53.33739520
  8.51203470  53.33759920
  8.51235230  53.33825760
  8.51251500  53.33845930
  8.51256920  53.33849410
  8.51263890  53.33852190
  8.51272030  53.33853810
  8.51277450  53.33852420
  8.51287520  53.33847550
  8.51291780  53.33844080
  8.51295270  53.33839210
  8.51298750  53.33817180
  8.51303400  53.33805360
  8.51333610  53.33700340
  8.51341750  53.33665790
  8.51352210  53.33644930
  8.51362660  53.33627540
  8.51366150  53.33579550
  8.51374280  53.33568420
  8.51376610  53.33562620
  8.51381260  53.33525300
  8.51384740  53.33510000
  8.51398690  53.33482870
  8.51403720  53.33464320
  8.51403330  53.33455970
  8.51397520  53.33438590
  8.51397520  53.33434410
  8.51398690  53.33430240
  8.51410310  53.33416330
  8.51395590  53.33418180
  8.51366540  53.33431400
  8.51347950  53.33442530
  8.51328190  53.33449480
  8.51303790  53.33455740
  8.51288680  53.33457830
  8.51280550  53.33457130
  8.51270090  53.33454350
  8.51258470  53.33449480
  8.51252660  53.33448320
  8.51246850  53.33448090
  8.51241430  53.33449480
  8.51237550  53.33452260
  8.51236390  53.33455740
  8.51236390  53.33466870
  8.51232910  53.33475220
  8.51216640  53.33500030
  8.51211600  53.33476150
  8.51209280  53.33475680
  8.51197660  53.33478700
  8.51195330  53.33478230
  8.51196500  53.33472200
  8.51202690  53.33457600
  8.51203470  53.33449480
  8.51202690  53.33441140
  8.51198050  53.33423050
  8.51196880  53.33411920
  8.51197270  53.33400560
  8.51205250  53.33337470
  8.51206950  53.33324050
  8.51210830  53.33280920
  8.51216250  53.33263530
  8.51215480  53.33259360
  8.51209670  53.33253330
  8.51206180  53.33246380
  8.51205020  53.33239420
  8.51213540  53.33219710
  8.51236390  53.33113280
  8.51237550  53.33100530
  8.51235620  53.33081290
  8.51234070  53.33073400
  8.51228260  53.33057170
  8.51229030  53.33055780
  8.51237550  53.33050210
  8.51252660  53.33036300
  8.51261180  53.33023780
  8.51267770  53.33011490
  8.51267770  53.33021230
  8.51266220  53.33027260
  8.51257310  53.33047660
  8.51254980  53.33057400
  8.51263120  53.33091490
  8.51263120  53.33112590
  8.51260020  53.33134380
  8.51254210  53.33160820
  8.51250340  53.33176120
  8.51242200  53.33195600
  8.51239880  53.33238030
  8.51232910  53.33277210
  8.51230580  53.33309910
  8.51225930  53.33337030
  8.51224770  53.33359290
  8.51225930  53.33381320
  8.51227100  53.33392450
  8.51232130  53.33414010
  8.51235230  53.33418880
  8.51240270  53.33423510
  8.51246850  53.33427220
  8.51253430  53.33429540
  8.51273580  53.33434180
  8.51299140  53.33436270
  8.51306890  53.33435340
  8.51314250  53.33433480
  8.51327030  53.33429540
  8.51338650  53.33424440
  8.51351040  53.33417490
  8.51371960  53.33402420
  8.51370800  53.33396850
  8.51366150  53.33386650
  8.51355690  53.33375980
  8.51354530  53.33367640
  8.51356080  53.33362070
  8.51377770  53.33324510
  8.51410310  53.33300400
  8.51424250  53.33285790
  8.51428120  53.33278600
  8.51434710  53.33259130
  8.51445170  53.33211360
  8.51459110  53.33169160
  8.51466080  53.33135780
  8.51471120  53.33098440
  8.51477320  53.33016360
  8.51480410  53.32992710
  8.51493200  53.32947730
  8.51497850  53.32916650
  8.51502490  53.32901120
  8.51510630  53.32885120
  8.51509470  53.32871200
  8.51511790  53.32856600
  8.51515280  53.32845470
  8.51539290  53.32787960
  8.51544710  53.32768940
  8.51558660  53.32703320
  8.51569890  53.32661580
  8.51571440  53.32651610
  8.51570660  53.32641630
  8.51569890  53.32640010
  8.51567180  53.32638850
  8.51563310  53.32640010
  8.51557880  53.32643720
  8.51548970  53.32656240
  8.51545880  53.32662500
  8.51542390  53.32674790
  8.51537740  53.32703780
  8.51533870  53.32720010
  8.51526510  53.32737640
  8.51519920  53.32745990
  8.51506750  53.32755720
  8.51490100  53.32762680
  8.51480410  53.32764540
  8.51471510  53.32765000
  8.51453690  53.32762910
  8.51441680  53.32759900
  8.51399460  53.32745290
  8.51378930  53.32739260
  8.51348720  53.32733930
  8.51334390  53.32730450
  8.51323930  53.32726270
  8.51314250  53.32721640
  8.51283650  53.32704250
  8.51244140  53.32688480
  8.51232520  53.32682680
  8.51222060  53.32676420
  8.51182160  53.32645340
  8.51169380  53.32636760
  8.51149240  53.32625630
  8.51133360  53.32619140
  8.51124450  53.32616820
  8.51115150  53.32615890
  8.51077200  53.32614500
  8.51053180  53.32611950
  8.51033810  53.32608470
  8.51023740  53.32608010
  8.51013670  53.32608470
  8.51000120  53.32610790
  8.50986950  53.32614040
  8.50971070  53.32618910
  8.50956350  53.32625630
  8.50964870  53.32615660
  8.50974940  53.32607540
  8.50980750  53.32604070
  8.50987720  53.32601280
  8.50995080  53.32599890
  8.51038460  53.32598500
  8.51067130  53.32599200
  8.51113610  53.32598500
  8.51127940  53.32599660
  8.51138400  53.32601750
  8.51158150  53.32608940
  8.51175970  53.32618910
  8.51206180  53.32638850
  8.51242980  53.32667840
  8.51252270  53.32673640
  8.51266220  53.32680360
  8.51315020  53.32699610
  8.51421540  53.32733930
  8.51436650  53.32738330
  8.51452530  53.32741580
  8.51464150  53.32742970
  8.51475770  53.32743200
  8.51489710  53.32741580
  8.51495910  53.32739720
  8.51502110  53.32736250
  8.51509850  53.32727200
  8.51514110  53.32718620
  8.51515280  53.32710040
  8.51515280  53.32692420
  8.51523800  53.32650450
  8.51534640  53.32619600
  8.51543160  53.32590850
  8.51602430  53.32591080
  8.51614050  53.32547950
  8.51617150  53.32524290
  8.51615210  53.32505510
  8.51609790  53.32486720
  8.51608240  53.32476060
  8.51607850  53.32444750
  8.51609790  53.32432230
  8.51615980  53.32407880
  8.51615210  53.32404630
  8.51610560  53.32400920
  8.51599720  53.32402540
  8.51570280  53.32418780
  8.51563310  53.32421560
  8.51555170  53.32423650
  8.51541610  53.32423650
  8.51522630  53.32419470
  8.51517990  53.32420400
  8.51491260  53.32436400
  8.51483510  53.32439880
  8.51473830  53.32442200
  8.51468410  53.32442200
  8.51466470  53.32441040
  8.51465700  53.32438260
  8.51466860  53.32435940
  8.51469570  53.32434080
  8.51490100  53.32422720
  8.51519540  53.32408340
  8.51528060  53.32404860
  8.51533870  53.32403930
  8.51536190  53.32402540
  8.51536970  53.32400920
  8.51534250  53.32398140
  8.51519920  53.32393500
  8.51509080  53.32387930
  8.51505590  53.32384450
  8.51503660  53.32380510
  8.51502490  53.32376100
  8.51503660  53.32374020
  8.51507920  53.32371700
  8.51511010  53.32371700
  8.51529610  53.32377260
  8.51543160  53.32378890
  8.51555170  53.32378190
  8.51564850  53.32376570
  8.51574150  53.32371700
  8.51601260  53.32346420
  8.51603590  53.32339930
  8.51603980  53.32333430
  8.51602430  53.32327870
  8.51601620  53.32326520
  8.51589640  53.32306300
  8.51582280  53.32295400
  8.51569890  53.32280320
  8.51540060  53.32247390
  8.51522630  53.32229770
  8.51493970  53.32203330
  8.51487390  53.32199620
  8.51471120  53.32195670
  8.51450980  53.32194050
  8.51433930  53.32194050
  8.51430450  53.32193360
  8.51426570  53.32191270
  8.51425800  53.32189180
  8.51427740  53.32184080
  8.51441680  53.32165990
  8.51443230  53.32161580
  8.51441290  53.32159030
  8.51423090  53.32148130
  8.51415730  53.32142100
  8.51411470  53.32131200
  8.51408760  53.32127490
  8.51384350  53.32112880
  8.51372350  53.32104060
  8.51362660  53.32093400
  8.51356080  53.32083660
  8.51354140  53.32056060
  8.51356080  53.31999470
  8.51356080  53.31956330
  8.51355300  53.31937540
  8.51350270  53.31897880
  8.51340970  53.31899730
  8.51332840  53.31902750
  8.51325090  53.31907160
  8.51319280  53.31912490
  8.51314630  53.31918750
  8.51303400  53.31942640
  8.51300300  53.31946580
  8.51290620  53.31953080
  8.51271640  53.31927100
  8.51278610  53.31908550
  8.51283650  53.31900660
  8.51297980  53.31882800
  8.51304180  53.31878400
  8.51339040  53.31865640
  8.51342140  53.31863090
  8.51306890  53.31836180
  8.51302630  53.31830620
  8.51300300  53.31824820
  8.51302630  53.31824820
  8.51330130  53.31834330
  8.51340590  53.31839200
  8.51344850  53.31839200
  8.51346010  53.31838040
  8.51346780  53.31813680
  8.51344850  53.31789790
  8.51321610  53.31752450
  8.51308820  53.31727870
  8.51303010  53.31719520
  8.51294880  53.31713250
  8.51280940  53.31706990
  8.51272030  53.31700500
  8.51269320  53.31697020
  8.51270860  53.31680780
  8.51269320  53.31672660
  8.51253820  53.31650860
  8.51237170  53.31611430
  8.51210050  53.31563180
  8.51191850  53.31543000
  8.51177130  53.31524680
  8.51165900  53.31513770
  8.51158150  53.31504500
  8.51148850  53.31497770
  8.51142660  53.31494520
  8.51150020  53.31504960
  8.51155440  53.31517250
  8.51155440  53.31535110
  8.51151560  53.31546710
  8.51141880  53.31556450
  8.51101210  53.31578950
  8.51095790  53.31583130
  8.51091140  53.31588700
  8.51084170  53.31604470
  8.51089200  53.31629750
  8.51088040  53.31640880
  8.51084170  53.31647610
  8.51080290  53.31651320
  8.51063250  53.31661530
  8.51059380  53.31667330
  8.51059380  53.31676370
  8.51057440  53.31679620
  8.51054340  53.31682170
  8.51046980  53.31684030
  8.51041950  53.31683800
  8.51037300  53.31682170
  8.51034200  53.31679850
  8.51031490  53.31671730
  8.51030330  53.31666630
  8.51032260  53.31660830
  8.51036140  53.31655270
  8.51041560  53.31650390
  8.51059380  53.31637870
  8.51062480  53.31633930
  8.51064030  53.31629750
  8.51063640  53.31625810
  8.51060150  53.31618390
  8.51048920  53.31602150
  8.51046980  53.31597510
  8.51047760  53.31590780
  8.51051630  53.31584980
  8.51067130  53.31571990
  8.51102760  53.31549260
  8.51108180  53.31545320
  8.51111670  53.31540450
  8.51113610  53.31530940
  8.51112060  53.31511220
  8.51109340  53.31501020
  8.51102760  53.31488720
  8.51103530  53.31461120
  8.51101600  53.31447900
  8.51095790  53.31439310
  8.51076810  53.31428640
  8.51066350  53.31424010
  8.51062860  53.31421220
  8.51060540  53.31418210
  8.51058600  53.31412640
  8.51058600  53.31405680
  8.51053960  53.31400580
  8.51046980  53.31395940
  8.51041560  53.31394310
  8.51035360  53.31393620
  8.50979200  53.31394080
  8.50967190  53.31393620
  8.50950920  53.31391300
  8.50932720  53.31385500
  8.50924580  53.31381560
  8.50912580  53.31373670
  8.50903670  53.31365780
  8.50903670  53.31363000
  8.50906770  53.31360220
  8.50909870  53.31359520
  8.50916060  53.31360680
  8.50926910  53.31365320
  8.50940470  53.31373440
  8.50950920  53.31377380
  8.50969900  53.31380400
  8.50990430  53.31380630
  8.51028780  53.31376920
  8.51033430  53.31375760
  8.51036140  53.31373440
  8.51036910  53.31370890
  8.51037300  53.31361370
  8.51028780  53.31338870
  8.51021030  53.31312430
  8.51016380  53.31288770
  8.51011350  53.31234720
  8.50999340  53.31209200
  8.50998950  53.31199690
  8.50982300  53.31114090
  8.50980750  53.31090660
  8.50983070  53.31080220
  8.50994690  53.31067930
  8.51012510  53.31055170
  8.51070220  53.31028950
  8.51141490  53.30998330
  8.51170930  53.30984410
  8.51180620  53.30978380
  8.51188750  53.30971650
  8.51195330  53.30962840
  8.51197660  53.30952630
  8.51195330  53.30942190
  8.51173640  53.30907390
  8.51081840  53.30774920
  8.51103530  53.30783510
  8.51128320  53.30791630
  8.51149240  53.30796500
  8.51159700  53.30797660
  8.51177130  53.30797200
  8.51190300  53.30794180
  8.51197660  53.30790700
  8.51203080  53.30786060
  8.51203480  53.30784880
  8.51205790  53.30778170
  8.51204630  53.30766110
  8.51190300  53.30731310
  8.51182160  53.30716690
  8.51168220  53.30697440
  8.51158540  53.30688620
  8.51126000  53.30680500
  8.51121350  53.30680040
  8.51116320  53.30680040
  8.51101990  53.30682820
  8.51075650  53.30686530
  8.51055890  53.30687920
  8.51046210  53.30687460
  8.51035750  53.30685840
  8.51029170  53.30683980
  8.51026840  53.30682360
  8.51026450  53.30677950
  8.51030720  53.30673310
  8.51038460  53.30669600
  8.51052790  53.30665650
  8.51069060  53.30662640
  8.51088430  53.30660320
  8.51105860  53.30659390
  8.51121350  53.30661010
  8.51129870  53.30663800
  8.51135680  53.30663800
  8.51141490  53.30662640
  8.51147300  53.30659390
  8.51149240  53.30654050
  8.51148080  53.30649410
  8.51139170  53.30635030
  8.51093080  53.30580510
  8.51073710  53.30581900
  8.51036530  53.30580510
  8.51028000  53.30582590
  8.50995850  53.30595590
  8.50984620  53.30598140
  8.50976100  53.30598830
  8.50969520  53.30597210
  8.50967190  53.30595350
  8.50966030  53.30592570
  8.50967190  53.30589550
  8.50969900  53.30586770
  8.50974160  53.30584910
  8.50989660  53.30579810
  8.51063640  53.30559860
  8.51073710  53.30556140
  8.51077580  53.30553360
  8.51080680  53.30548490
  8.51080290  53.30546400
  8.51079130  53.30544540
  8.51075260  53.30542220
  8.51061310  53.30539210
  8.51057050  53.30536420
  8.51052410  53.30526220
  8.51042340  53.30511830
  8.51030330  53.30496290
  8.51020260  53.30487700
  8.51014830  53.30485150
  8.51003600  53.30482600
  8.50989660  53.30482600
  8.50974160  53.30484220
  8.50967190  53.30484220
  8.50962160  53.30481900
  8.50962160  53.30477720
  8.50964090  53.30476330
  8.50982690  53.30468210
  8.50987720  53.30464270
  8.50990820  53.30459860
  8.50990820  53.30456380
  8.50982300  53.30436890
  8.50933880  53.30346630
  8.50890500  53.30270760
  8.50874230  53.30245940
  8.50734790  53.30068900
  8.50689470  53.29999750
  8.50676690  53.29979790
  8.50657320  53.29943590
  8.50655000  53.29941510
  8.50646480  53.29940350
  8.50602320  53.29940810
  8.50594190  53.29928510
  8.50628270  53.29924340
  8.50631370  53.29922710
  8.50632140  53.29918530
  8.50612000  53.29887440
  8.50577530  53.29846370
  8.50524850  53.29789520
  8.50506650  53.29767930
  8.50451260  53.29692520
  8.50418720  53.29643550
  8.50324990  53.29487140
  8.50312590  53.29465330
  8.50302520  53.29439330
  8.50272310  53.29319120
  8.50257590  53.29278740
  8.50253330  53.29272240
  8.50248680  53.29268060
  8.50243260  53.29267370
  8.50232800  53.29270620
  8.50199100  53.29285240
  8.50180900  53.29290570
  8.50174700  53.29290340
  8.50168890  53.29288490
  8.50165790  53.29286170
  8.50161920  53.29278970
  8.50162300  53.29274330
  8.50164630  53.29269460
  8.50168890  53.29265280
  8.50173540  53.29262960
  8.50204520  53.29256230
  8.50216140  53.29252980
  8.50226600  53.29249030
  8.50235900  53.29243930
  8.50243260  53.29237890
  8.50246740  53.29232790
  8.50250230  53.29221880
  8.50255260  53.29197740
  8.50251000  53.29113960
  8.50251780  53.29090050
  8.50256810  53.29026920
  8.50256430  53.29022520
  8.50254490  53.29018340
  8.50245580  53.29009750
  8.50247900  53.29005800
  8.50256810  53.28997220
  8.50264950  53.28977020
  8.50266500  53.28968670
  8.50266500  53.28959150
  8.50263400  53.28952650
  8.50257590  53.28947320
  8.50255650  53.28944070
  8.50255650  53.28941280
  8.50267270  53.28924110
  8.50272310  53.28909250
  8.50273860  53.28900900
  8.50273080  53.28880940
  8.50267270  53.28866310
  8.50264950  53.28857030
  8.50264950  53.28852390
  8.50268430  53.28844260
  8.50264950  53.28836370
  8.50264170  53.28831730
  8.50264950  53.28820120
  8.50267270  53.28813160
  8.50283930  53.28793900
  8.50289350  53.28785770
  8.50294770  53.28773940
  8.50298260  53.28761870
  8.50300580  53.28727980
  8.50309490  53.28639540
  8.50315690  53.28601010
  8.50317240  53.28598460
  8.50335060  53.28588480
  8.50341640  53.28580590
  8.50342420  53.28576180
  8.50340480  53.28567360
  8.50338540  53.28524650
  8.50339320  53.28510720
  8.50345130  53.28492150
  8.50345130  53.28488900
  8.50343190  53.28487270
  8.50333890  53.28483560
  8.50319560  53.28481470
  8.50317240  53.28479610
  8.50318790  53.28477990
  8.50336220  53.28472190
  8.50342420  53.28468700
  8.50347060  53.28464290
  8.50349000  53.28459650
  8.50350550  53.28430400
  8.50349000  53.28410210
  8.50343190  53.28369820
  8.50341640  53.28324320
  8.50347840  53.28273480
  8.50349770  53.28247950
  8.50350550  53.28198270
  8.50349390  53.28174130
  8.50346290  53.28123750
  8.50340480  53.28071290
  8.50330010  53.28019350
  8.50319560  53.27967520
  8.50316460  53.27958230
  8.50316460  53.27953360
  8.50318400  53.27947790
  8.50322270  53.27942680
  8.50330020  53.27938040
  8.50331180  53.27934550
  8.50323820  53.27899730
  8.50311430  53.27811280
  8.50309490  53.27806400
  8.50307550  53.27804780
  8.50304070  53.27804550
  8.50288190  53.27811050
  8.50243260  53.27836820
  8.50257590  53.27820560
  8.50263010  53.27810350
  8.50263010  53.27802920
  8.50259910  53.27800370
  8.50255650  53.27798510
  8.50244030  53.27797120
  8.50231640  53.27798510
  8.50200260  53.27806870
  8.50183990  53.27812440
  8.50178960  53.27801530
  8.50194450  53.27795030
  8.50204140  53.27792470
  8.50214590  53.27791080
  8.50244420  53.27790380
  8.50268430  53.27785740
  8.50298650  53.27776220
  8.50302910  53.27771580
  8.50303680  53.27767400
  8.50292450  53.27548700
  8.50290120  53.27468130
  8.50283540  53.27395000
  8.50281220  53.27391280
  8.50276960  53.27388490
  8.50258360  53.27381530
  8.50257980  53.27379670
  8.50269600  53.27359940
  8.50271530  53.27353670
  8.50268050  53.27341830
  8.50264950  53.27321390
  8.50260300  53.27305140
  8.50259140  53.27302590
  8.50254490  53.27298870
  8.50251780  53.27297710
  8.50246740  53.27297480
  8.50206070  53.27301190
  8.50165790  53.27307690
  8.50134030  53.27311870
  8.50112720  53.27312570
  8.50097230  53.27311410
  8.50083290  53.27311410
  8.50053460  53.27314660
  8.50052300  53.27303750
  8.50070120  53.27299800
  8.50080960  53.27298410
  8.50118530  53.27297250
  8.50173540  53.27291210
  8.50194450  53.27287490
  8.50231640  53.27277510
  8.50243260  53.27273100
  8.50245190  53.27271710
  8.50245190  53.27269850
  8.50228930  53.27143070
  8.50220020  53.27045310
  8.50216530  53.27027440
  8.50207620  53.26999800
  8.50197940  53.26982390
  8.50171600  53.26949410
  8.50142160  53.26917830
  8.50125510  53.26902510
  8.50099170  53.26881840
  8.50041450  53.26842600
  8.50000010  53.26813110
  8.49811370  53.26679810
  8.49807890  53.26678650
  8.49802470  53.26678420
  8.49785040  53.26679810
  8.49776510  53.26679120
  8.49752890  53.26674700
  8.49744370  53.26675170
  8.49737010  53.26678650
  8.49712220  53.26694440
  8.49697500  53.26698160
  8.49694400  53.26697460
  8.49692070  53.26695840
  8.49691300  53.26693980
  8.49692850  53.26689330
  8.49696340  53.26685620
  8.49722290  53.26665180
  8.49723450  53.26662860
  8.49722290  53.26660540
  8.49719960  53.26660770
  8.49709120  53.26664950
  8.49676970  53.26678880
  8.49665740  53.26680510
  8.49658760  53.26679810
  8.49656440  53.26678650
  8.49655660  53.26677030
  8.49657210  53.26674240
  8.49664190  53.26667510
  8.49688590  53.26652880
  8.49704470  53.26644750
  8.49711440  53.26642190
  8.49722290  53.26641260
  8.49728480  53.26642890
  8.49760630  53.26655890
  8.49768770  53.26657980
  8.49777290  53.26658450
  8.49780000  53.26657750
  8.49781550  53.26654970
  8.49774960  53.26647770
  8.49758700  53.26636160
  8.49743590  53.26627330
  8.49688590  53.26598300
  8.49621580  53.26557200
  8.49602600  53.26542570
  8.49570060  53.26526080
  8.49542950  53.26510060
  8.49509250  53.26484740
  8.49491430  53.26471040
  8.49402350  53.26414840
  8.49374840  53.26399050
  8.49352380  53.26387900
  8.49345790  53.26383260
  8.49341150  53.26381860
  8.49335340  53.26382100
  8.49329910  53.26383260
  8.49309770  53.26392310
  8.49304740  53.26393010
  8.49300860  53.26392310
  8.49287310  53.26386280
  8.49281880  53.26384880
  8.49276070  53.26384190
  8.49269490  53.26384880
  8.49263680  53.26386970
  8.49259030  53.26390460
  8.49244700  53.26417860
  8.49243540  53.26423200
  8.49240830  53.26428310
  8.49235020  53.26433650
  8.49231140  53.26434350
  8.49226110  53.26433880
  8.49222230  53.26432030
  8.49219910  53.26429700
  8.49214870  53.26411130
  8.49216040  53.26404390
  8.49219130  53.26398120
  8.49223780  53.26392310
  8.49235790  53.26382330
  8.49242760  53.26378380
  8.49258640  53.26373040
  8.49276070  53.26370480
  8.49278400  53.26369090
  8.49277240  53.26365370
  8.49273750  53.26361890
  8.49259030  53.26355620
  8.49253610  53.26354920
  8.49242370  53.26356080
  8.49237340  53.26357710
  8.49223400  53.26365370
  8.49214490  53.26368390
  8.49197440  53.26372110
  8.49189700  53.26372810
  8.49182340  53.26372110
  8.49169560  53.26368390
  8.49145930  53.26357010
  8.49113390  53.26342850
  8.49085890  53.26335180
  8.49075820  53.26333790
  8.49067690  53.26333560
  8.49059940  53.26333790
  8.49052580  53.26335180
  8.49045610  53.26337510
  8.49039800  53.26341220
  8.49035920  53.26346560
  8.49030500  53.26354920
  8.49011910  53.26377220
  8.48999900  53.26399050
  8.48990610  53.26416470
  8.48970460  53.26444800
  8.48959230  53.26472430
  8.48952650  53.26483120
  8.48944680  53.26491440
  8.48937540  53.26498910
  8.48919330  53.26520740
  8.48916240  53.26526540
  8.48915850  53.26530720
  8.48917400  53.26534910
  8.48920110  53.26537690
  8.48927470  53.26542340
  8.48930960  53.26542570
  8.48976270  53.26532580
  8.48985570  53.26531420
  8.48995250  53.26531190
  8.49005320  53.26531890
  8.49008420  53.26533740
  8.49010360  53.26536300
  8.49009200  53.26545120
  8.49006490  53.26551160
  8.49003770  53.26553720
  8.49000290  53.26554640
  8.48971240  53.26556040
  8.48937150  53.26559750
  8.48918950  53.26564400
  8.48911200  53.26567880
  8.48906940  53.26572060
  8.48902680  53.26581350
  8.48900360  53.26590640
  8.48899970  53.26616650
  8.48896870  53.26623380
  8.48884860  53.26642190
  8.48881380  53.26651950
  8.48879830  53.26661700
  8.48880600  53.26675870
  8.48883700  53.26682830
  8.48908880  53.26707220
  8.48915070  53.26718590
  8.48916240  53.26732760
  8.48910040  53.26753890
  8.48910040  53.26764110
  8.48913140  53.26785010
  8.48916240  53.26795920
  8.48922820  53.26808460
  8.48931340  53.26820540
  8.48942580  53.26833080
  8.48946060  53.26840040
  8.48946060  53.26846550
  8.48939090  53.26880910
  8.48938700  53.26891130
  8.48941030  53.26899490
  8.48944900  53.26907620
  8.48982470  53.26948250
  8.48988670  53.26953590
  8.48993700  53.26959400
  8.48995640  53.26964970
  8.48997960  53.26981230
  8.48999130  53.27006070
  8.48997580  53.27053210
  8.49004940  53.27088500
  8.49011520  53.27133550
  8.49020820  53.27173260
  8.49026240  53.27190670
  8.49032440  53.27208080
  8.49045990  53.27237570
  8.49056450  53.27267060
  8.49064200  53.27283310
  8.49084730  53.27319540
  8.49084900  53.27319790
  8.49098290  53.27339500
  8.49110290  53.27353900
  8.49116100  53.27363650
  8.49117650  53.27372710
  8.49117650  53.27387100
  8.49114550  53.27403120
  8.49114940  53.27409390
  8.49121140  53.27431680
  8.49122300  53.27439810
  8.49111840  53.27487170
  8.49111840  53.27516890
  8.49108740  53.27543590
  8.49108360  53.27558910
  8.49109520  53.27587930
  8.49111840  53.27601870
  8.49117650  53.27617880
  8.49137790  53.27661070
  8.49145930  53.27682200
  8.49152130  53.27705410
  8.49157940  53.27733270
  8.49159480  53.27774360
  8.49166070  53.27837510
  8.49174200  53.27878140
  8.49180400  53.27896940
  8.49193960  53.27924800
  8.49200540  53.27935250
  8.49208680  53.27945230
  8.49217590  53.27953360
  8.49219130  53.27959630
  8.49219130  53.27967520
  8.49222230  53.27977500
  8.49234240  53.28006060
  8.49256170  53.28054920
  8.49286530  53.28124910
  8.49302800  53.28167160
  8.49319840  53.28222880
  8.49330690  53.28251430
  8.49348510  53.28339640
  8.49353930  53.28354730
  8.49374070  53.28398140
  8.49383750  53.28425990
  8.49388010  53.28434580
  8.49393050  53.28442940
  8.49400410  53.28450600
  8.49408540  53.28456170
  8.49428300  53.28465220
  8.49444570  53.28470330
  8.49461610  53.28474510
  8.49477100  53.28477520
  8.49501120  53.28480770
  8.49515450  53.28529520
  8.49525520  53.28564570
  8.49562320  53.28691770
  8.49504600  53.28688520
  8.49496470  53.28689450
  8.49466260  53.28704770
  8.49457350  53.28712660
  8.49453090  53.28721480
  8.49453090  53.28731460
  8.49454250  53.28736100
  8.49457350  53.28747940
  8.49454250  53.28763260
  8.49454250  53.28775790
  8.49459670  53.28789250
  8.49466260  53.28800400
  8.49469740  53.28810380
  8.49471290  53.28834750
  8.49473230  53.28846350
  8.49475940  53.28853080
  8.49486010  53.28867240
  8.49507310  53.28891380
  8.49512350  53.28911110
  8.49513120  53.28917380
  8.49510410  53.28928750
  8.49510040  53.28939920
  8.49507700  53.29010450
  8.49512740  53.29059190
  8.49512350  53.29075430
  8.49507700  53.29096090
  8.49506540  53.29110010
  8.49507700  53.29116740
  8.49513900  53.29131600
  8.49527840  53.29153880
  8.49533270  53.29164550
  8.49531330  53.29193800
  8.49532490  53.29206560
  8.49535590  53.29219090
  8.49552630  53.29251820
  8.49573550  53.29287090
  8.49596790  53.29330030
  8.49640950  53.29395240
  8.49658380  53.29419140
  8.49674640  53.29447690
  8.49706020  53.29516610
  8.49740100  53.29583680
  8.49748630  53.29613150
  8.49762180  53.29652830
  8.49768380  53.29668850
  8.49771480  53.29676740
  8.49780390  53.29701100
  8.49794720  53.29748910
  8.49812150  53.29823390
  8.49818350  53.29868180
  8.49819510  53.29907400
  8.49817570  53.29929670
  8.49809050  53.29948000
  8.49807500  53.29955430
  8.49807500  53.29963090
  8.49809050  53.29970740
  8.49812540  53.29978170
  8.49823770  53.29989540
  8.49832680  53.29999750
  8.49843140  53.30011580
  8.49845070  53.30017620
  8.49842750  53.30029680
  8.49833840  53.30041750
  8.49793170  53.30090240
  8.49780000  53.30107410
  8.49771480  53.30121340
  8.49764890  53.30135490
  8.49758310  53.30155910
  8.49755990  53.30185380
  8.49752890  53.30206720
  8.49748240  53.30227840
  8.49738170  53.30260550
  8.49735840  53.30276330
  8.49731970  53.30317860
  8.49728870  53.30370530
  8.49727710  53.30418330
  8.49729260  53.30438980
  8.49738170  53.30471460
  8.49748240  53.30495820
  8.49756760  53.30510440
  8.49767220  53.30524590
  8.49777290  53.30535260
  8.49778450  53.30539670
  8.49776900  53.30549180
  8.49769540  53.30561710
  8.49769930  53.30566350
  8.49778450  53.30578420
  8.49779610  53.30582830
  8.49779610  53.30587470
  8.49774580  53.30597910
  8.49771090  53.30608580
  8.49773030  53.30637350
  8.49773030  53.30662640
  8.49771090  53.30669130
  8.49752110  53.30696510
  8.49750180  53.30709960
  8.49753660  53.30718080
  8.49757530  53.30722030
  8.49769150  53.30727360
  8.49776130  53.30728290
  8.49779230  53.30729680
  8.49780390  53.30732000
  8.49778840  53.30732700
  8.49767990  53.30733400
  8.49756370  53.30732700
  8.49738560  53.30734090
  8.49731200  53.30735720
  8.49730030  53.30737800
  8.49746300  53.30763090
  8.49749400  53.30770520
  8.49752110  53.30785360
  8.49751340  53.30792560
  8.49743590  53.30803920
  8.49737390  53.30816920
  8.49734680  53.30836640
  8.49734680  53.30870740
  8.49731580  53.30877470
  8.49727320  53.30883730
  8.49719580  53.30892080
  8.49716860  53.30897880
  8.49712600  53.30920380
  8.49711830  53.30934540
  8.49713380  53.30940570
  8.49716860  53.30942890
  8.49741270  53.30950540
  8.49756370  53.30954260
  8.49761410  53.30957500
  8.49762570  53.30959590
  8.49759080  53.30964230
  8.49742820  53.30973970
  8.49730810  53.30983490
  8.49727710  53.30988360
  8.49726160  53.30993690
  8.49726160  53.30999720
  8.49727710  53.31002510
  8.49732750  53.31006220
  8.49737780  53.31007380
  8.49753270  53.31007610
  8.49766440  53.31006220
  8.49773420  53.31007150
  8.49780000  53.31009000
  8.49785040  53.31012250
  8.49790850  53.31020140
  8.49800140  53.31037310
  8.49807110  53.31053310
  8.49802080  53.31064680
  8.49793940  53.31066540
  8.49790460  53.31065840
  8.49788910  53.31064220
  8.49779230  53.31040790
  8.49776130  53.31036150
  8.49771480  53.31031740
  8.49767220  53.31029190
  8.49762180  53.31027330
  8.49756370  53.31026400
  8.49749400  53.31026400
  8.49742430  53.31027790
  8.49736230  53.31031040
  8.49712600  53.31049370
  8.49706790  53.31055170
  8.49695950  53.31079530
  8.49681620  53.31102260
  8.49650240  53.31137520
  8.49647530  53.31142160
  8.49646370  53.31148190
  8.49645980  53.31167910
  8.49643660  53.31177890
  8.49637850  53.31185080
  8.49610730  53.31210590
  8.49597950  53.31230780
  8.49585170  53.31259770
  8.49549530  53.31383640
  8.49526680  53.31420290
  8.49508860  53.31445350
  8.49503830  53.31455780
  8.49500340  53.31466220
  8.49498410  53.31477120
  8.49498790  53.31490110
  8.49501500  53.31507510
  8.49507700  53.31531170
  8.49505380  53.31535580
  8.49502670  53.31537200
  8.49487560  53.31539520
  8.49480980  53.31542540
  8.49464320  53.31578720
  8.49446500  53.31622100
  8.49429850  53.31669410
  8.49417840  53.31713480
  8.49407770  53.31758480
  8.49386460  53.31870510
  8.49383370  53.31892310
  8.49381250  53.31936870
  8.49378330  53.31998070
  8.49378330  53.32020340
  8.49379490  53.32028460
  8.49385300  53.32054200
  8.49394210  53.32075770
  8.49398860  53.32085740
  8.49400800  53.32093400
  8.49400800  53.32103370
  8.49398860  53.32113110
  8.49395370  53.32122150
  8.49384530  53.32141870
  8.49372520  53.32166450
  8.49369420  53.32180140
  8.49369810  53.32191040
  8.49374840  53.32210980
  8.49381820  53.32226750
  8.49401180  53.32262930
  8.49429070  53.32358020
  8.49432140  53.32368140
  8.49433720  53.32373320
  8.49435270  53.32378660
  8.49439140  53.32390710
  8.49441770  53.32466240
  8.49439310  53.32482560
  8.49436950  53.32497730
  8.49436170  53.32500230
  8.49437420  53.32504400
  8.49444810  53.32516340
  8.49450620  53.32522440
  8.49459730  53.32529390
  8.49466160  53.32535220
  8.49470520  53.32572760
  8.49475170  53.32592940
  8.49481360  53.32611950
  8.49497630  53.32649520
  8.49508480  53.32671550
  8.49533650  53.32714680
  8.49498410  53.32757120
  8.49494530  53.32761520
  8.49501120  53.32806040
  8.49508860  53.32860770
  8.49598200  53.32999020
  8.49654500  53.33086150
  8.49671860  53.33112910
  8.49687430  53.33136930
  8.49769930  53.33264690
  8.49789300  53.33310830
  8.49798590  53.33326600
  8.49836940  53.33378070
  8.49858040  53.33403330
  8.49871410  53.33419340
  8.49900460  53.33456900
  8.49934160  53.33487270
  8.49968250  53.33523440
  8.49992260  53.33546630
  8.50000010  53.33557520
  8.50019380  53.33597170
  8.50052300  53.33688280
  8.50061980  53.33709380
  8.50074380  53.33730010
  8.50103040  53.33769190
  8.50114660  53.33786810
  8.50136350  53.33827150
  8.50147580  53.33844770
  8.50148750  53.33854970
  8.50151070  53.33860070
  8.50160370  53.33867720
  8.50173150  53.33874210
  8.50183990  53.33885110
  8.50198710  53.33902500
  8.50217310  53.33926370
  8.50247900  53.33968800
  8.50271530  53.34005430
  8.50282770  53.34024900
  8.50287410  53.34032550
  8.50294770  53.34045300
  8.50296020  53.34047330
  8.50297480  53.34049700
  8.50315300  53.34075200
  8.50341250  53.34102560
  8.50354810  53.34120410
  8.50383470  53.34163760
  8.50407100  53.34202010
  8.50414070  53.34215220
  8.50420660  53.34233300
  8.50425310  53.34251380
  8.50429180  53.34281980
  8.50433050  53.34299130
  8.50440020  53.34315820
  8.50456680  53.34348280
  8.50477600  53.34402290
  8.50483790  53.34414340
  8.50491930  53.34424080
  8.50524460  53.34454210
  8.50528340  53.34459080
  8.50529110  53.34463940
  8.50524460  53.34484570
  8.50526010  53.34493850
  8.50529890  53.34502890
  8.50538410  53.34514480
  8.50544220  53.34519810
  8.50553510  53.34524440
  8.50558550  53.34528380
  8.50558550  53.34536730
  8.50553130  53.34546460
  8.50546160  53.34555270
  8.50538410  53.34567560
  8.50535310  53.34575210
  8.50532600  53.34586800
  8.50531820  53.34598620
  8.50536080  53.34618320
  8.50557390  53.34687390
  8.50556230  53.34704080
  8.50555450  53.34726790
  8.50557390  53.34766660
  8.50555060  53.34777090
  8.50552350  53.34781960
  8.50547700  53.34786590
  8.50541890  53.34789370
  8.50519820  53.34794010
  8.50514390  53.34797260
  8.50510910  53.34801660
  8.50508970  53.34806530
  8.50509360  53.34811390
  8.50512840  53.34816490
  8.50531820  53.34827620
  8.50538800  53.34836660
  8.50546540  53.34849400
  8.50566680  53.34891360
  8.50577140  53.34909430
  8.50588760  53.34925890
  8.50602320  53.34942110
  8.50617810  53.34957640
  8.50630590  53.34968070
  8.50637950  53.34974100
  8.50657700  53.34988160
  8.50660420  53.34990090
  8.50667780  53.34995650
  8.50673200  53.34999820
  8.50699150  53.35019060
  8.50708450  53.35027170
  8.50715420  53.35036210
  8.50719300  53.35045710
  8.50720460  53.35055450
  8.50718130  53.35074680
  8.50705740  53.35129610
  8.50704960  53.35150240
  8.50706510  53.35159970
  8.50711550  53.35171100
  8.50719680  53.35182220
  8.50737860  53.35202220
  8.50751060  53.35216750
  8.50758420  53.35223470
  8.50767330  53.35229500
  8.50794830  53.35239700
  8.50804510  53.35245720
  8.50819280  53.35257130
  8.50832400  53.35267280
  8.50844410  53.35274920
  8.50857190  53.35281180
  8.50878880  53.35289290
  8.50887010  53.35291380
  8.50895150  53.35292070
  8.50902120  53.35290680
  8.50906380  53.35288830
  8.50917610  53.35280490
  8.50974940  53.35226020
  8.51046210  53.35152320
  8.51068290  53.35127060
  8.51109730  53.35076540
  8.51165120  53.34999820
  8.51197270  53.34948370
  8.51226710  53.34895760
  8.51288680  53.34771760
  8.51301460  53.34743480
  8.51304180  53.34735140
  8.51299530  53.34697590
  8.51291010  53.34656100
  8.51267770  53.34559440
  8.51255370  53.34500800
  8.51248010  53.34481560
  8.51229810  53.34450960
  8.51221670  53.34441230
  8.51212380  53.34433120
  8.51188750  53.34416660
  8.51182160  53.34408550
  8.51181000  53.34403210
  8.51173640  53.34318840
  8.51173260  53.34297280
  8.51173640  53.34275490
  8.51177900  53.34265520
  8.51187200  53.34252310
  8.51188360  53.34246050
  8.51187200  53.34225190
  8.51180230  53.34177430
  8.51181000  53.34161670
  8.51187590  53.34129680
  8.51193010  53.34113450
  8.51200760  53.34097000
  8.51218190  53.34066860
  8.51227480  53.34053180
  8.51239100  53.34039270
  8.51239100  53.34031620
  8.51233290  53.34020500
  8.51229810  53.34008670
  8.51229810  53.33992680
