8.4936922000 53.3676482000
8.4936341000 53.3687046000
8.4937736000 53.3696289000
8.4934405000 53.3700250000
8.4931538000 53.3714937000
8.4924140000 53.3727886000
8.4924721000 53.3744078000
8.4919299000 53.3759388000
8.4916820000 53.3775509000
8.4911048000 53.3791931000
8.4907252000 53.3826462000
8.4902643000 53.3833340000
8.4901442000 53.3845151000
8.4899118000 53.3850871000
8.4899622000 53.3865413000
8.4896755000 53.3872360000
8.4896639000 53.3892668000
8.4894122000 53.3896836000
8.4885484000 53.3897739000
8.4893386000 53.3899545000
8.4894780000 53.3902856000
8.4891759000 53.3916726000
8.4890790000 53.3945852000
8.4887692000 53.3957451000
8.4888892000 53.3965207000
8.4887421000 53.3967823000
8.4889512000 53.3972268000
8.4889473000 53.3979584000
8.4885639000 53.3988844000
8.4887769000 53.3991483000
8.4886840000 53.4000650000
8.4889396000 53.4005049000
8.4889551000 53.4014980000
8.4887963000 53.4019123000
8.4889590000 53.4024841000
8.4888195000 53.4030720000
8.4889900000 53.4035466000
8.4888428000 53.4041623000
8.4890054000 53.4046044000
8.4888234000 53.4056066000
8.4884709000 53.4059446000
8.4886026000 53.4064977000
8.4884980000 53.4073935000
8.4886607000 53.4076110000
8.4885058000 53.4092636000
8.4886181000 53.4110271000
8.4884748000 53.4119714000
8.4881107000 53.4130498000
8.4880836000 53.4142902000
8.4874057000 53.4157435000
8.4869835000 53.4172661000
8.4864451000 53.4182149000
8.4855465000 53.4186892000
8.4847486000 53.4185458000
8.4841637000 53.4182056000
8.4835285000 53.4172013000
8.4833464000 53.4165002000
8.4830792000 53.4162086000
8.4831605000 53.4159819000
8.4828855000 53.4157620000
8.4825989000 53.4145008000
8.4821612000 53.4141167000
8.4821999000 53.4138899000
8.4816112000 53.4128138000
8.4817235000 53.4126055000
8.4823549000 53.4125453000
8.4814369000 53.4123301000
8.4812626000 53.4117469000
8.4817312000 53.4117747000
8.4809992000 53.4114044000
8.4808675000 53.4109346000
8.4811696000 53.4106916000
8.4806312000 53.4105342000
8.4804491000 53.4102912000
8.4802826000 53.4095969000
8.4809062000 53.4092520000
8.4810611000 53.4089048000
8.4804569000 53.4092150000
8.4798372000 53.4088030000
8.4794188000 53.4077476000
8.4800967000 53.4075972000
8.4801741000 53.4073518000
8.4794576000 53.4074051000
8.4790044000 53.4067871000
8.4787139000 53.4055603000
8.4796319000 53.4063033000
8.4800115000 53.4063704000
8.4799379000 53.4061806000
8.4792949000 53.4057548000
8.4789889000 53.4053289000
8.4785861000 53.4052664000
8.4778695000 53.4037757000
8.4780050000 53.4034285000
8.4784776000 53.4036808000
8.4786209000 53.4035928000
8.4783304000 53.4035419000
8.4780593000 53.4032642000
8.4774899000 53.4032479000
8.4772187000 53.4030003000
8.4762155000 53.4014933000
8.4760296000 53.4008915000
8.4762349000 53.4008868000
8.4763550000 53.4013915000
8.4765758000 53.4015767000
8.4767423000 53.4013753000
8.4764906000 53.4009794000
8.4771878000 53.4007665000
8.4766726000 53.4007202000
8.4765951000 53.4005836000
8.4778191000 53.4002456000
8.4779353000 53.4005975000
8.4781910000 53.4006553000
8.4781135000 53.4001252000
8.4773737000 53.4001345000
8.4766920000 53.3997363000
8.4773659000 53.3988775000
8.4792445000 53.3984307000
8.4811115000 53.3983404000
8.4820450000 53.3979769000
8.4839391000 53.3946917000
8.4830598000 53.3959072000
8.4823510000 53.3972546000
8.4817855000 53.3978889000
8.4812277000 53.3981135000
8.4798643000 53.3982316000
8.4796319000 53.3979376000
8.4794614000 53.3981899000
8.4772187000 53.3986390000
8.4763395000 53.3993914000
8.4760490000 53.4000002000
8.4757391000 53.3999493000
8.4754021000 53.3994562000
8.4754796000 53.3990372000
8.4750884000 53.3984445000
8.4747282000 53.3969560000
8.4742866000 53.3961318000
8.4748095000 53.3964582000
8.4769050000 53.3961827000
8.4781174000 53.3958586000
8.4784505000 53.3956363000
8.4785125000 53.3953400000
8.4780360000 53.3946315000
8.4782762000 53.3954233000
8.4778695000 53.3957359000
8.4762659000 53.3961503000
8.4749993000 53.3962568000
8.4747049000 53.3959512000
8.4741626000 53.3957914000
8.4736707000 53.3948885000
8.4737443000 53.3946061000
8.4734887000 53.3944417000
8.4733647000 53.3940805000
8.4743408000 53.3938050000
8.4731478000 53.3936869000
8.4722027000 53.3912558000
8.4729774000 53.3907348000
8.4742440000 53.3907973000
8.4754331000 53.3904616000
8.4768508000 53.3904593000
8.4777843000 53.3899545000
8.4788959000 53.3899244000
8.4789037000 53.3897669000
8.4784505000 53.3896188000
8.4778152000 53.3897994000
8.4774512000 53.3897114000
8.4770173000 53.3902092000
8.4754215000 53.3902185000
8.4748018000 53.3903736000
8.4745926000 53.3900332000
8.4743021000 53.3900656000
8.4743873000 53.3903875000
8.4741549000 53.3905612000
8.4728070000 53.3904477000
8.4722686000 53.3907186000
8.4718812000 53.3906746000
8.4710252000 53.3881044000
8.4709671000 53.3874977000
8.4720245000 53.3867729000
8.4716140000 53.3866108000
8.4719509000 53.3865436000
8.4718928000 53.3863028000
8.4715907000 53.3863167000
8.4713661000 53.3855641000
8.4712770000 53.3869026000
8.4708277000 53.3871527000
8.4705643000 53.3866502000
8.4702776000 53.3851056000
8.4704519000 53.3823775000
8.4705991000 53.3822270000
8.4709749000 53.3824563000
8.4711027000 53.3823822000
8.4708432000 53.3818426000
8.4711259000 53.3812335000
8.4721601000 53.3801843000
8.4730626000 53.3795196000
8.4737947000 53.3794015000
8.4736940000 53.3791606000
8.4823742000 53.3740742000
8.4826725000 53.3741622000
8.4828816000 53.3738055000
8.4848687000 53.3726473000
8.4857479000 53.3729183000
8.4876614000 53.3730365000
8.4855078000 53.3726056000
8.4852212000 53.3724273000
8.4897995000 53.3698026000
8.4899041000 53.3697818000
8.4898808000 53.3701432000
8.4900048000 53.3701663000
8.4902604000 53.3695293000
8.4936109000 53.3676528000
8.4936922000 53.3676482000
