8.4937833000 53.2145674000
8.4924819000 53.2152695000
8.4871947000 53.2168133000
8.4828642000 53.2175852000
8.4800289000 53.2179153000
8.4796842000 53.2178130000
8.4800057000 53.2171342000
8.4815279000 53.2153253000
8.4818649000 53.2151905000
8.4825505000 53.2145302000
8.4830695000 53.2143977000
8.4823607000 53.2141372000
8.4832128000 53.2140466000
8.4839449000 53.2135304000
8.4868577000 53.2098054000
8.4887518000 53.2083009000
8.4910410000 53.2070382000
8.4908899000 53.2066754000
8.4909829000 53.2064684000
8.4931636000 53.2045312000
8.4935238000 53.2045894000
8.4934270000 53.2043428000
8.4941474000 53.2038684000
8.4960647000 53.2030568000
8.4985824000 53.2027474000
8.4991015000 53.2025032000
8.5008057000 53.2021939000
8.5017044000 53.2020916000
8.5031336000 53.2021986000
8.5042724000 53.2029056000
8.5043383000 53.2032870000
8.5040516000 53.2037149000
8.5042995000 53.2037475000
8.5045978000 53.2033126000
8.5053880000 53.2039475000
8.5045164000 53.2046429000
8.5043731000 53.2050080000
8.5039083000 53.2052801000
8.5029632000 53.2062707000
8.5026107000 53.2059824000
8.5020840000 53.2060661000
8.5016734000 53.2057149000
8.5016347000 53.2060591000
8.5019406000 53.2062824000
8.5015533000 53.2069103000
8.5016230000 53.2072847000
8.5013287000 53.2077311000
8.5001705000 53.2084497000
8.4990434000 53.2083102000
8.4994927000 53.2088729000
8.4982803000 53.2101821000
8.4974127000 53.2103658000
8.4971028000 53.2100565000
8.4969556000 53.2102611000
8.4964482000 53.2100054000
8.4969750000 53.2104820000
8.4969440000 53.2108285000
8.4975327000 53.2109587000
8.4957897000 53.2122655000
8.4954566000 53.2120330000
8.4947943000 53.2120911000
8.4946238000 53.2123911000
8.4947555000 53.2128956000
8.4945347000 53.2133118000
8.4943256000 53.2133211000
8.4939499000 53.2141535000
8.4934386000 53.2144302000
8.4937833000 53.2145674000
