8.5622099000 53.5520467000
8.5629426000 53.5520524000
8.5679329000 53.5467882000
8.5683983000 53.5451742000
8.5681705000 53.5449339000
8.5683486000 53.5448750000
8.5691627000 53.5456573000
8.5696271000 53.5458383000
8.5697875000 53.5457617000
8.5707674000 53.5464002000
8.5704169000 53.5465505000
8.5692082000 53.5478245000
8.5693908000 53.5480903000
8.5668754000 53.5505487000
8.5673319000 53.5508205000
8.5667943000 53.5512131000
8.5662263000 53.5510863000
8.5615912000 53.5559301000
8.5609218000 53.5571742000
8.5606277000 53.5591611000
8.5600800000 53.5594087000
8.5597182000 53.5562910000
8.5599115000 53.5534297000
8.5608508000 53.5534419000
8.5622099000 53.5520467000
