  8.49369220  53.36764820
  8.49364960  53.36778020
  8.49363030  53.36790760
  8.49362250  53.36826440
  8.49363410  53.36870460
  8.49364960  53.36891540
  8.49374650  53.36939960
  8.49377750  53.36958490
  8.49377360  53.36962890
  8.49350240  53.36989990
  8.49344050  53.37002500
  8.49330100  53.37095630
  8.49321580  53.37131530
  8.49315380  53.37149370
  8.49305700  53.37170920
  8.49293690  53.37192000
  8.49257670  53.37240410
  8.49248760  53.37254540
  8.49241400  53.37278860
  8.49238690  53.37301330
  8.49243340  53.37323340
  8.49249540  53.37343950
  8.49253020  53.37364800
  8.49253800  53.37384490
  8.49253020  53.37403950
  8.49247210  53.37440780
  8.49239080  53.37465100
  8.49208480  53.37543390
  8.49192990  53.37593880
  8.49189500  53.37607780
  8.49185630  53.37660820
  8.49179820  53.37688390
  8.49175940  53.37719420
  8.49174730  53.37725000
  8.49168200  53.37755090
  8.49156190  53.37790760
  8.49124040  53.37869740
  8.49115900  53.37894060
  8.49110480  53.37919310
  8.49104280  53.37958680
  8.49101570  53.38004300
  8.49091500  53.38088840
  8.49089180  53.38145120
  8.49072520  53.38264620
  8.49064780  53.38282220
  8.49057800  53.38292640
  8.49029530  53.38327380
  8.49026430  53.38333400
  8.49023330  53.38348220
  8.49020620  53.38405650
  8.49014420  53.38451510
  8.49007840  53.38476520
  8.48993890  53.38500140
  8.48991180  53.38508710
  8.48990020  53.38517510
  8.48994280  53.38575860
  8.48996600  53.38635140
  8.48996220  53.38654130
  8.48993890  53.38673350
  8.48988860  53.38692800
  8.48984210  53.38702070
  8.48977630  53.38710870
  8.48970270  53.38717580
  8.48967550  53.38723600
  8.48971430  53.38762740
  8.48969880  53.38828040
  8.48971430  53.38879210
  8.48966390  53.38926680
  8.48959810  53.38948680
  8.48957490  53.38952110
  8.48951670  53.38960720
  8.48947410  53.38964890
  8.48941220  53.38968360
  8.48933860  53.38970210
  8.48925720  53.38971140
  8.48878470  53.38970440
  8.48859490  53.38973450
  8.48856780  53.38974840
  8.48854840  53.38977390
  8.48855230  53.38979700
  8.48857160  53.38981790
  8.48864140  53.38985030
  8.48896280  53.38988740
  8.48914880  53.38992440
  8.48928050  53.38993600
  8.48933860  53.38995450
  8.48937340  53.38998000
  8.48944310  53.39010040
  8.48947800  53.39028560
  8.48946250  53.39052410
  8.48941220  53.39085520
  8.48932690  53.39117010
  8.48922620  53.39145490
  8.48917590  53.39167260
  8.48918750  53.39236250
  8.48917590  53.39264040
  8.48908680  53.39304560
  8.48903640  53.39358730
  8.48909840  53.39404810
  8.48909840  53.39440930
  8.48907900  53.39458520
  8.48903440  53.39477290
  8.48891250  53.39528670
  8.48886600  53.39543260
  8.48877690  53.39563630
  8.48876920  53.39574510
  8.48880400  53.39603450
  8.48876530  53.39619200
  8.48877300  53.39625680
  8.48878850  53.39631930
  8.48888920  53.39652070
  8.48887380  53.39657630
  8.48875370  53.39672440
  8.48874210  53.39678230
  8.48877690  53.39689580
  8.48895120  53.39722680
  8.48896670  53.39733100
  8.48896670  53.39743750
  8.48894730  53.39795840
  8.48890860  53.39818060
  8.48875370  53.39847930
  8.48872660  53.39863670
  8.48858710  53.39882190
  8.48856390  53.39888440
  8.48856780  53.39893070
  8.48858710  53.39897470
  8.48863750  53.39903490
  8.48876140  53.39912520
  8.48877690  53.39914830
  8.48873430  53.39920850
  8.48868400  53.39931730
  8.48865300  53.39943770
  8.48865300  53.39950020
  8.48867230  53.39956040
  8.48876920  53.39974330
  8.48876530  53.39979420
  8.48869950  53.40000020
  8.48868400  53.40006500
  8.48871880  53.40019700
  8.48880400  53.40031740
  8.48892020  53.40044930
  8.48893960  53.40050490
  8.48894350  53.40056270
  8.48886600  53.40101410
  8.48886990  53.40118540
  8.48893960  53.40139150
  8.48895510  53.40149800
  8.48893190  53.40159520
  8.48880400  53.40184050
  8.48879630  53.40191230
  8.48880400  53.40198180
  8.48883500  53.40208130
  8.48892020  53.40227570
  8.48895900  53.40248410
  8.48895510  53.40258820
  8.48885440  53.40282900
  8.48883110  53.40291000
  8.48881570  53.40299100
  8.48881950  53.40307200
  8.48892020  53.40326420
  8.48896670  53.40340540
  8.48899000  53.40354660
  8.48898610  53.40367850
  8.48895510  53.40380810
  8.48885440  53.40402110
  8.48884280  53.40416230
  8.48885440  53.40423170
  8.48897060  53.40442380
  8.48899770  53.40451410
  8.48900540  53.40460440
  8.48898610  53.40469000
  8.48892020  53.40485670
  8.48882340  53.40560660
  8.48876140  53.40565520
  8.48864910  53.40569920
  8.48858710  53.40573160
  8.48853680  53.40577100
  8.48849420  53.40582650
  8.48847090  53.40594460
  8.48857940  53.40631490
  8.48860260  53.40649770
  8.48859870  53.40668060
  8.48852900  53.40705090
  8.48849800  53.40739350
  8.48853680  53.40746060
  8.48861040  53.40752770
  8.48866070  53.40761100
  8.48861040  53.40810640
  8.48852900  53.40871510
  8.48850970  53.40898820
  8.48850580  53.40926360
  8.48860260  53.41021710
  8.48862590  53.41076330
  8.48861810  53.41102710
  8.48853680  53.41149700
  8.48847480  53.41197140
  8.48831210  53.41257540
  8.48827340  53.41275820
  8.48811070  53.41304980
  8.48810680  53.41312160
  8.48811840  53.41319100
  8.48816110  53.41332520
  8.48816490  53.41337150
  8.48816110  53.41341780
  8.48812230  53.41353350
  8.48813780  53.41369780
  8.48810680  53.41378110
  8.48799060  53.41400100
  8.48799060  53.41404960
  8.48806420  53.41415830
  8.48808360  53.41422310
  8.48808360  53.41429020
  8.48805650  53.41437820
  8.48795190  53.41458410
  8.48788220  53.41470450
  8.48773500  53.41489190
  8.48770010  53.41496600
  8.48768080  53.41504460
  8.48771560  53.41518580
  8.48770010  53.41526910
  8.48766140  53.41535010
  8.48749870  53.41554680
  8.48740570  53.41574350
  8.48733210  53.41594480
  8.48720820  53.41636830
  8.48710750  53.41669460
  8.48702620  53.41701390
  8.48698350  53.41726610
  8.48689450  53.41744660
  8.48683640  53.41754840
  8.48661940  53.41783310
  8.48660200  53.41788650
  8.48652650  53.41811770
  8.48644510  53.41821490
  8.48634440  53.41830510
  8.48622640  53.41838070
  8.48608100  53.41847400
  8.48605780  53.41848790
  8.48592610  53.41856890
  8.48581380  53.41862210
  8.48564720  53.41867530
  8.48554650  53.41868920
  8.48544580  53.41868690
  8.48535280  53.41866380
  8.48514760  53.41858280
  8.48507780  53.41856660
  8.48495000  53.41857580
  8.48491110  53.41857320
  8.48484540  53.41856890
  8.48474860  53.41854580
  8.48465950  53.41851110
  8.48458590  53.41846940
  8.48445810  53.41834910
  8.48431090  53.41829350
  8.48416370  53.41820560
  8.48407850  53.41812690
  8.48401650  53.41804130
  8.48394290  53.41785620
  8.48390810  53.41769190
  8.48386550  53.41762020
  8.48360980  53.41731940
  8.48352850  53.41720130
  8.48351300  53.41714580
  8.48350910  53.41699310
  8.48331930  53.41665760
  8.48330380  53.41660900
  8.48331550  53.41654190
  8.48334640  53.41650020
  8.48333090  53.41647710
  8.48319150  53.41635900
  8.48307920  53.41620860
  8.48307920  53.41612760
  8.48311020  53.41606050
  8.48316440  53.41600500
  8.48316050  53.41598190
  8.48299780  53.41588470
  8.48293200  53.41582680
  8.48288550  53.41576200
  8.48287000  53.41570650
  8.48286610  53.41559310
  8.48279640  53.41535470
  8.48281580  53.41523210
  8.48280030  53.41516730
  8.48277320  53.41510480
  8.48265700  53.41492200
  8.48262210  53.41484330
  8.48261050  53.41470910
  8.48262210  53.41459340
  8.48259890  53.41450080
  8.48220380  53.41417220
  8.48216120  53.41411670
  8.48215340  53.41408660
  8.48221150  53.41393390
  8.48219990  53.41388990
  8.48218050  53.41384820
  8.48204890  53.41371630
  8.48198300  53.41363300
  8.48187460  53.41345250
  8.48174290  53.41316090
  8.48169250  53.41298970
  8.48161120  53.41281380
  8.48159950  53.41271890
  8.48162280  53.41267260
  8.48166540  53.41263560
  8.48172350  53.41260550
  8.48177770  53.41259390
  8.48197530  53.41258930
  8.48206050  53.41259390
  8.48221150  53.41262400
  8.48229680  53.41262630
  8.48233550  53.41261240
  8.48235490  53.41259160
  8.48235490  53.41254530
  8.48233550  53.41251520
  8.48230060  53.41249210
  8.48225410  53.41247360
  8.48218830  53.41246200
  8.48204890  53.41246660
  8.48159180  53.41241800
  8.48152590  53.41239490
  8.48146780  53.41236250
  8.48143690  53.41233010
  8.48135550  53.41210790
  8.48129350  53.41181400
  8.48126260  53.41177000
  8.48126260  53.41174690
  8.48127810  53.41172840
  8.48134000  53.41171220
  8.48149110  53.41176540
  8.48167310  53.41185340
  8.48170030  53.41186030
  8.48173120  53.41185570
  8.48174670  53.41183950
  8.48173120  53.41177470
  8.48168090  53.41171680
  8.48152980  53.41161960
  8.48146400  53.41156640
  8.48141750  53.41154560
  8.48128190  53.41153860
  8.48113090  53.41150390
  8.48107660  53.41147610
  8.48099920  53.41140440
  8.48095660  53.41134190
  8.48093330  53.41127710
  8.48090620  53.41114290
  8.48086360  53.41102710
  8.48086750  53.41093460
  8.48087910  53.41090220
  8.48090620  53.41087440
  8.48096040  53.41085360
  8.48111920  53.41081420
  8.48116190  53.41078410
  8.48118120  53.41074710
  8.48116960  53.41069160
  8.48114250  53.41066840
  8.48104950  53.41063830
  8.48081320  53.41061290
  8.48071640  53.41058050
  8.48063120  53.41053420
  8.48056920  53.41048330
  8.48052270  53.41042770
  8.48044910  53.41029120
  8.48042590  53.41021020
  8.48040270  53.40997640
  8.48037560  53.40989540
  8.48029420  53.40976580
  8.48027870  53.40970560
  8.48028260  53.40959690
  8.48034840  53.40949730
  8.48040650  53.40945110
  8.48048010  53.40942100
  8.48072420  53.40934920
  8.48082100  53.40930520
  8.48090620  53.40925200
  8.48106110  53.40890480
  8.48078610  53.40904370
  8.48061180  53.40914790
  8.48045690  53.40921500
  8.48031360  53.40915940
  8.48011220  53.40903910
  8.47983720  53.40880300
  8.47976360  53.40872660
  8.47969770  53.40862480
  8.47965120  53.40852060
  8.47951950  53.40803230
  8.47941500  53.40779160
  8.47941880  53.40774760
  8.47944210  53.40771520
  8.47947310  53.40768510
  8.47951950  53.40766200
  8.47957760  53.40764580
  8.48004630  53.40761800
  8.48009670  53.40759720
  8.48016250  53.40753470
  8.48017410  53.40735180
  8.48014320  53.40737030
  8.48010050  53.40738190
  8.48003080  53.40738190
  8.47996880  53.40735180
  8.47989530  53.40733330
  8.47985650  53.40733790
  8.47982550  53.40735180
  8.47971320  53.40741660
  8.47958930  53.40743050
  8.47951950  53.40742360
  8.47945760  53.40740510
  8.47936460  53.40735180
  8.47929100  53.40729160
  8.47915930  53.40713660
  8.47905860  53.40694210
  8.47900440  53.40678710
  8.47896950  53.40663200
  8.47890750  53.40621770
  8.47883780  53.40590060
  8.47871390  53.40564600
  8.47871390  53.40556030
  8.47876040  53.40553020
  8.47879520  53.40553950
  8.47886880  53.40562280
  8.47904310  53.40587740
  8.47932590  53.40604180
  8.47948850  53.40616910
  8.47957380  53.40626170
  8.47963190  53.40630330
  8.47969770  53.40632880
  8.47983330  53.40636120
  8.47989910  53.40637040
  8.48001150  53.40637040
  8.47993790  53.40618060
  8.47970550  53.40606490
  8.47958930  53.40598850
  8.47938400  53.40583350
  8.47929490  53.40575480
  8.47917480  53.40560890
  8.47907800  53.40541220
  8.47904310  53.40536590
  8.47898890  53.40532890
  8.47891920  53.40530340
  8.47884170  53.40529180
  8.47862870  53.40528260
  8.47858610  53.40526640
  8.47853180  53.40510900
  8.47840010  53.40484050
  8.47818710  53.40445860
  8.47794310  53.40407200
  8.47790430  53.40396780
  8.47786950  53.40377570
  8.47787330  53.40362290
  8.47792370  53.40350950
  8.47797020  53.40344930
  8.47800500  53.40342850
  8.47804770  53.40343540
  8.47812900  53.40353500
  8.47823740  53.40359750
  8.47836530  53.40364840
  8.47847760  53.40368080
  8.47859770  53.40370400
  8.47862090  53.40359280
  8.47853960  53.40359520
  8.47846600  53.40358590
  8.47839630  53.40356970
  8.47833040  53.40354190
  8.47827620  53.40350490
  8.47823360  53.40346090
  8.47813670  53.40330120
  8.47810960  53.40328040
  8.47805930  53.40326420
  8.47800120  53.40325720
  8.47778430  53.40328270
  8.47762930  53.40328500
  8.47755190  53.40327340
  8.47748990  53.40324790
  8.47744340  53.40321550
  8.47721870  53.40300030
  8.47709480  53.40285210
  8.47678490  53.40243310
  8.47661450  53.40216230
  8.47640920  53.40178500
  8.47621550  53.40149330
  8.47615360  53.40135210
  8.47611100  53.40123410
  8.47604120  53.40096550
  8.47602960  53.40089150
  8.47604120  53.40084750
  8.47606770  53.40083170
  8.47607220  53.40082900
  8.47611480  53.40081970
  8.47618070  53.40083590
  8.47623490  53.40088680
  8.47625810  53.40097710
  8.47624650  53.40107660
  8.47626590  53.40115770
  8.47635500  53.40139150
  8.47640530  53.40146320
  8.47647120  53.40153040
  8.47654480  53.40157200
  8.47657580  53.40157670
  8.47665710  53.40154190
  8.47669200  53.40151880
  8.47673070  53.40147480
  8.47674620  53.40142850
  8.47674230  53.40137530
  8.47671520  53.40132200
  8.47662220  53.40122710
  8.47650990  53.40107900
  8.47648280  53.40101180
  8.47649060  53.40097940
  8.47651770  53.40095160
  8.47666870  53.40088220
  8.47674620  53.40085900
  8.47702900  53.40084520
  8.47709480  53.40083130
  8.47714900  53.40080810
  8.47718780  53.40076650
  8.47718000  53.40074100
  8.47715680  53.40071780
  8.47711800  53.40070390
  8.47692050  53.40071090
  8.47672680  53.40072940
  8.47667260  53.40072020
  8.47657580  53.40068310
  8.47654090  53.40063910
  8.47654870  53.40061600
  8.47659510  53.40058360
  8.47685850  53.40049790
  8.47699020  53.40043080
  8.47707160  53.40040530
  8.47728850  53.40035900
  8.47745890  53.40034750
  8.47751310  53.40033590
  8.47771070  53.40025020
  8.47781910  53.40024560
  8.47789270  53.40025720
  8.47791980  53.40027570
  8.47793920  53.40031970
  8.47793920  53.40035670
  8.47791210  53.40055350
  8.47793530  53.40059750
  8.47800500  53.40065530
  8.47807090  53.40068310
  8.47812120  53.40068310
  8.47819100  53.40065530
  8.47820260  53.40063220
  8.47819100  53.40061140
  8.47814450  53.40058360
  8.47809800  53.40052110
  8.47809410  53.40047010
  8.47810580  53.40042150
  8.47817550  53.40028260
  8.47818320  53.40023400
  8.47817930  53.40019000
  8.47815220  53.40015070
  8.47811350  53.40012520
  8.47805930  53.40010670
  8.47797790  53.40009980
  8.47791600  53.40010440
  8.47769520  53.40014370
  8.47750930  53.40015300
  8.47741630  53.40014610
  8.47737370  53.40013450
  8.47734270  53.40011360
  8.47724200  53.40000020
  8.47716060  53.39993770
  8.47711420  53.39991690
  8.47684300  53.39984050
  8.47678490  53.39981500
  8.47673070  53.39977800
  8.47669200  53.39973630
  8.47667650  53.39969930
  8.47667260  53.39966220
  8.47668810  53.39962520
  8.47692440  53.39937050
  8.47715290  53.39905110
  8.47728070  53.39892610
  8.47736590  53.39887750
  8.47756350  53.39879870
  8.47771070  53.39875240
  8.47801280  53.39868070
  8.47924450  53.39843070
  8.47984100  53.39837510
  8.48003470  53.39836810
  8.48061180  53.39838440
  8.48082490  53.39837740
  8.48111150  53.39834040
  8.48134000  53.39829410
  8.48151820  53.39824780
  8.48168860  53.39818990
  8.48182030  53.39812740
  8.48193650  53.39805560
  8.48204500  53.39797690
  8.48216120  53.39787040
  8.48225410  53.39775700
  8.48242460  53.39749070
  8.48276540  53.39687030
  8.48293590  53.39658320
  8.48310630  53.39621280
  8.48315280  53.39605310
  8.48319150  53.39596970
  8.48324190  53.39588640
  8.48351690  53.39553680
  8.48362920  53.39537700
  8.48369500  53.39526130
  8.48389650  53.39486310
  8.48393910  53.39469170
  8.48371050  53.39493250
  8.48360210  53.39509690
  8.48348590  53.39531220
  8.48305980  53.39590720
  8.48287390  53.39637250
  8.48267250  53.39669430
  8.48235100  53.39725460
  8.48225410  53.39739580
  8.48206820  53.39762960
  8.48189390  53.39780790
  8.48178550  53.39788890
  8.48153760  53.39802090
  8.48139430  53.39807180
  8.48122770  53.39811350
  8.48088300  53.39816210
  8.48037170  53.39818760
  8.47986430  53.39823160
  8.47975580  53.39821770
  8.47974420  53.39820150
  8.47975580  53.39801860
  8.47974420  53.39799310
  8.47969770  53.39794910
  8.47966290  53.39793760
  8.47963190  53.39793760
  8.47957760  53.39795840
  8.47954670  53.39798150
  8.47952730  53.39806720
  8.47952730  53.39813660
  8.47950400  53.39816910
  8.47946140  53.39818990
  8.47941110  53.39820380
  8.47925230  53.39821300
  8.47903540  53.39823850
  8.47871000  53.39828710
  8.47838850  53.39834730
  8.47750540  53.39854870
  8.47721870  53.39863900
  8.47700180  53.39873860
  8.47689730  53.39881490
  8.47633950  53.39939140
  8.47628530  53.39947240
  8.47624650  53.39955810
  8.47621550  53.39977800
  8.47618840  53.39983820
  8.47615740  53.39989600
  8.47604900  53.40000020
  8.47601410  53.40001640
  8.47596380  53.40002570
  8.47591340  53.40002570
  8.47582820  53.40000020
  8.47581780  53.39999430
  8.47573910  53.39994930
  8.47555710  53.39974560
  8.47547960  53.39962290
  8.47540210  53.39945620
  8.47537890  53.39933810
  8.47540990  53.39922700
  8.47547570  53.39908350
  8.47547960  53.39903720
  8.47544470  53.39896770
  8.47539830  53.39890750
  8.47533630  53.39885200
  8.47527040  53.39876170
  8.47508840  53.39844450
  8.47497990  53.39809030
  8.47487150  53.39780560
  8.47472820  53.39736570
  8.47469720  53.39720140
  8.47472820  53.39695600
  8.47456940  53.39676610
  8.47452670  53.39669900
  8.47449580  53.39663180
  8.47448030  53.39649990
  8.47443770  53.39638640
  8.47430210  53.39618500
  8.47428780  53.39613570
  8.47428660  53.39613180
  8.47428690  53.39613180
  8.47431370  53.39612950
  8.47439890  53.39616880
  8.47459260  53.39633320
  8.47465460  53.39640030
  8.47469720  53.39642580
  8.47477850  53.39645360
  8.47480950  53.39645820
  8.47484820  53.39644890
  8.47499930  53.39637020
  8.47510390  53.39634480
  8.47523940  53.39635630
  8.47543700  53.39641420
  8.47548730  53.39641650
  8.47566940  53.39638410
  8.47595220  53.39631240
  8.47614580  53.39627760
  8.47633950  53.39624980
  8.47673460  53.39621280
  8.47690500  53.39618270
  8.47740080  53.39607390
  8.47785400  53.39594890
  8.47811740  53.39585860
  8.47831490  53.39574980
  8.47845050  53.39563630
  8.47849310  53.39556920
  8.47852020  53.39548820
  8.47852410  53.39540710
  8.47851250  53.39534000
  8.47845440  53.39520800
  8.47823360  53.39488160
  8.47803600  53.39463150
  8.47826840  53.39529140
  8.47827620  53.39542330
  8.47825290  53.39549510
  8.47821420  53.39554600
  8.47810580  53.39563170
  8.47799340  53.39569190
  8.47786950  53.39573590
  8.47733490  53.39589560
  8.47705990  53.39596970
  8.47626590  53.39615030
  8.47589020  53.39621280
  8.47576620  53.39622210
  8.47548350  53.39624060
  8.47540600  53.39623130
  8.47532470  53.39619430
  8.47528590  53.39619430
  8.47499930  53.39625680
  8.47491020  53.39624520
  8.47487150  53.39622670
  8.47484820  53.39620350
  8.47479010  53.39605770
  8.47474370  53.39598360
  8.47470490  53.39595120
  8.47463910  53.39591880
  8.47455770  53.39590030
  8.47442220  53.39589560
  8.47432150  53.39587250
  8.47423620  53.39583770
  8.47421650  53.39582530
  8.47416260  53.39579140
  8.47410840  53.39573820
  8.47403480  53.39558770
  8.47389930  53.39541870
  8.47383340  53.39529830
  8.47368660  53.39492860
  8.47367070  53.39488850
  8.47363970  53.39473800
  8.47367850  53.39466390
  8.47374050  53.39462690
  8.47374430  53.39460610
  8.47370170  53.39457600
  8.47360880  53.39454350
  8.47352350  53.39448100
  8.47348870  53.39444170
  8.47346160  53.39440000
  8.47343830  53.39428890
  8.47337250  53.39411990
  8.47336470  53.39408050
  8.47338410  53.39404580
  8.47352350  53.39395780
  8.47359710  53.39393000
  8.47369010  53.39390920
  8.47378310  53.39389990
  8.47398060  53.39389990
  8.47418200  53.39391610
  8.47423620  53.39391150
  8.47428270  53.39389060
  8.47431760  53.39386050
  8.47433700  53.39383510
  8.47434080  53.39380500
  8.47431760  53.39377950
  8.47413940  53.39372630
  8.47391480  53.39369850
  8.47379470  53.39369850
  8.47334150  53.39375400
  8.47328340  53.39375400
  8.47322530  53.39374020
  8.47317880  53.39371700
  8.47314780  53.39368690
  8.47291930  53.39310340
  8.47282250  53.39283950
  8.47272950  53.39254080
  8.47242350  53.39200600
  8.47238090  53.39191100
  8.47238090  53.39171650
  8.47235770  53.39161000
  8.47231890  53.39150350
  8.47222600  53.39134840
  8.47220270  53.39125580
  8.47221430  53.39122800
  8.47222750  53.39122000
  8.47225690  53.39120250
  8.47236150  53.39117240
  8.47244670  53.39111920
  8.47252030  53.39105900
  8.47267530  53.39089690
  8.47283410  53.39078580
  8.47297740  53.39073480
  8.47306260  53.39072320
  8.47315170  53.39072090
  8.47343060  53.39073710
  8.47398450  53.39079730
  8.47424400  53.39079730
  8.47443380  53.39076720
  8.47456160  53.39073020
  8.47500320  53.39057270
  8.47520850  53.39051020
  8.47543310  53.39046160
  8.47555320  53.39044770
  8.47567710  53.39044540
  8.47635890  53.39048470
  8.47652540  53.39048470
  8.47668810  53.39047780
  8.47685080  53.39045930
  8.47698630  53.39043610
  8.47711420  53.39040370
  8.47723420  53.39035510
  8.47734270  53.39029720
  8.47745890  53.39021150
  8.47769900  53.39000310
  8.47778430  53.38995450
  8.47787330  53.38992670
  8.47797020  53.38990590
  8.47823740  53.38987350
  8.47841170  53.38987110
  8.47854730  53.38988040
  8.47889590  53.38992440
  8.47890370  53.38976690
  8.47877970  53.38974840
  8.47867130  53.38972290
  8.47859770  53.38969520
  8.47845050  53.38961880
  8.47826840  53.38962340
  8.47827620  53.38967900
  8.47825680  53.38971830
  8.47816390  53.38974840
  8.47795470  53.38978550
  8.47781520  53.38979940
  8.47767970  53.38979940
  8.47756740  53.38977390
  8.47747440  53.38971370
  8.47745120  53.38971140
  8.47739300  53.38978550
  8.47724200  53.39006330
  8.47719940  53.39011200
  8.47708320  53.39018600
  8.47701730  53.39020920
  8.47694760  53.39022310
  8.47685080  53.39022770
  8.47640530  53.39022080
  8.47630850  53.39022310
  8.47617290  53.39024160
  8.47592500  53.39024160
  8.47554540  53.39021610
  8.47542150  53.39021850
  8.47528590  53.39023700
  8.47515810  53.39026710
  8.47496830  53.39032500
  8.47487540  53.39036200
  8.47480180  53.39037360
  8.47475140  53.39035510
  8.47471650  53.39032960
  8.47461580  53.39017450
  8.47459260  53.39010500
  8.47459260  53.39003320
  8.47430210  53.39006560
  8.47438340  53.39026710
  8.47439510  53.39034350
  8.47438730  53.39038750
  8.47437180  53.39043150
  8.47434080  53.39047320
  8.47429050  53.39051020
  8.47415490  53.39056120
  8.47405810  53.39057500
  8.47396120  53.39057740
  8.47370950  53.39056810
  8.47332600  53.39052640
  8.47309750  53.39049170
  8.47288830  53.39045000
  8.47280700  53.39044770
  8.47272950  53.39045460
  8.47267140  53.39047550
  8.47233830  53.39068390
  8.47226860  53.39071860
  8.47219880  53.39073480
  8.47210600  53.39074070
  8.47205550  53.39074410
  8.47198580  53.39073710
  8.47194320  53.39072090
  8.47188120  53.39067460
  8.47184250  53.39062830
  8.47178050  53.39045700
  8.47169530  53.39003090
  8.47163720  53.38981790
  8.47144350  53.38928070
  8.47140480  53.38904220
  8.47138160  53.38899120
  8.47129630  53.38888010
  8.47124210  53.38876200
  8.47118010  53.38852350
  8.47102520  53.38810440
  8.47097100  53.38781720
  8.47096320  53.38768290
  8.47096710  53.38749770
  8.47098260  53.38744910
  8.47101750  53.38740280
  8.47112980  53.38732870
  8.47147450  53.38720360
  8.47157140  53.38715500
  8.47163720  53.38710170
  8.47168370  53.38704150
  8.47171080  53.38691650
  8.47200130  53.38686780
  8.47202450  53.38677290
  8.47161400  53.38661080
  8.47195090  53.38654360
  8.47189280  53.38630280
  8.47159070  53.38631670
  8.47157140  53.38605740
  8.47150940  53.38582580
  8.47147450  53.38563130
  8.47145900  53.38560350
  8.47142420  53.38558030
  8.47136610  53.38556410
  8.47133510  53.38557570
  8.47132730  53.38562660
  8.47133510  53.38589290
  8.47136610  53.38617780
  8.47136610  53.38647190
  8.47134280  53.38668030
  8.47130410  53.38684010
  8.47127700  53.38690260
  8.47118010  53.38699520
  8.47101750  53.38709940
  8.47092840  53.38714570
  8.47089350  53.38715730
  8.47082770  53.38715270
  8.47078890  53.38713410
  8.47076180  53.38710870
  8.47068820  53.38698360
  8.47056430  53.38665020
  8.47049070  53.38621250
  8.47045580  53.38590910
  8.47030860  53.38531170
  8.47027760  53.38510560
  8.47026600  53.38440390
  8.47028150  53.38396390
  8.47035510  53.38308390
  8.47045190  53.38237750
  8.47046740  53.38231040
  8.47049070  53.38228030
  8.47055270  53.38223630
  8.47059910  53.38222700
  8.47065340  53.38223400
  8.47070370  53.38225020
  8.47076570  53.38228490
  8.47091680  53.38242390
  8.47097490  53.38245630
  8.47103300  53.38244470
  8.47110270  53.38238220
  8.47112590  53.38234510
  8.47112980  53.38230580
  8.47110660  53.38222700
  8.47098650  53.38206490
  8.47084320  53.38184260
  8.47084700  53.38179390
  8.47090130  53.38170130
  8.47103680  53.38138630
  8.47112590  53.38123350
  8.47131960  53.38099030
  8.47178830  53.38051780
  8.47216010  53.38018430
  8.47262490  53.37983000
  8.47290380  53.37964240
  8.47306260  53.37951960
  8.47315170  53.37947100
  8.47325240  53.37943390
  8.47335310  53.37941540
  8.47356610  53.37939920
  8.47379470  53.37940150
  8.47385280  53.37933200
  8.47383340  53.37932280
  8.47372110  53.37932040
  8.47370170  53.37930890
  8.47365140  53.37925100
  8.47363970  53.37922320
  8.47366300  53.37918380
  8.47369400  53.37916060
  8.47424400  53.37886650
  8.47456940  53.37868120
  8.47488700  53.37848900
  8.47571590  53.37796090
  8.47707930  53.37718030
  8.47771450  53.37679820
  8.47848530  53.37631410
  8.47881070  53.37613800
  8.47947690  53.37579990
  8.48002690  53.37548950
  8.48078230  53.37508410
  8.48088300  53.37502390
  8.48096820  53.37495910
  8.48107660  53.37484090
  8.48115410  53.37479000
  8.48123930  53.37474360
  8.48167310  53.37455140
  8.48181260  53.37446340
  8.48221150  53.37417380
  8.48237420  53.37407420
  8.48242070  53.37405340
  8.48248270  53.37404870
  8.48253690  53.37407890
  8.48257180  53.37417150
  8.48262990  53.37417380
  8.48267250  53.37416220
  8.48273440  53.37412290
  8.48275380  53.37409740
  8.48276540  53.37404640
  8.48275770  53.37396770
  8.48276930  53.37392830
  8.48282740  53.37384490
  8.48288160  53.37380550
  8.48294750  53.37377310
  8.48309850  53.37372440
  8.48324960  53.37365960
  8.48339290  53.37358550
  8.48375700  53.37332600
  8.48399720  53.37321720
  8.48418310  53.37307590
  8.48431090  53.37301790
  8.48448520  53.37296240
  8.48456270  53.37292070
  8.48462080  53.37286970
  8.48469820  53.37275620
  8.48474090  53.37271680
  8.48486870  53.37264730
  8.48490350  53.37263810
  8.48494230  53.37264040
  8.48511270  53.37269360
  8.48524830  53.37272610
  8.48536060  53.37276310
  8.48569760  53.37290680
  8.48574790  53.37291830
  8.48584090  53.37291140
  8.48594930  53.37288130
  8.48605010  53.37286740
  8.48617400  53.37288590
  8.48629020  53.37291600
  8.48691770  53.37295080
  8.48706490  53.37296700
  8.48721980  53.37300400
  8.48739800  53.37302950
  8.48766140  53.37303650
  8.48764590  53.37301100
  8.48761490  53.37299710
  8.48733990  53.37291830
  8.48688670  53.37282340
  8.48658460  53.37279090
  8.48632120  53.37271680
  8.48600360  53.37264040
  8.48582150  53.37261490
  8.48550780  53.37260560
  8.48540320  53.37257780
  8.48527150  53.37250830
  8.48522120  53.37246430
  8.48522120  53.37242730
  8.48533740  53.37235310
  8.48544580  53.37230910
  8.48568210  53.37213770
  8.48577890  53.37207750
  8.48617790  53.37190370
  8.48628250  53.37182270
  8.48636380  53.37173460
  8.48677440  53.37152150
  8.48739020  53.37113930
  8.48773500  53.37097020
  8.48785120  53.37086590
  8.48833540  53.37058100
  8.48901320  53.37024050
  8.48979950  53.36980260
  8.48986150  53.36978180
  8.48990410  53.36978180
  8.48990790  53.36979340
  8.48989250  53.36981420
  8.48989250  53.37011310
  8.48988080  53.37014320
  8.48989250  53.37015710
  8.48998540  53.37017560
  8.49000480  53.37016630
  8.49004350  53.37008300
  8.49010160  53.36988140
  8.49012490  53.36971230
  8.49014420  53.36966360
  8.49016750  53.36961500
  8.49020620  53.36956870
  8.49026040  53.36952930
  8.49039600  53.36946210
  8.49072140  53.36932540
  8.49085690  53.36920030
  8.49100410  53.36910070
  8.49117070  53.36901270
  8.49138370  53.36891540
  8.49160840  53.36883200
  8.49177490  53.36871150
  8.49189110  53.36859340
  8.49196080  53.36855630
  8.49219710  53.36846130
  8.49244500  53.36837560
  8.49256510  53.36831770
  8.49296400  53.36806750
  8.49347530  53.36769450
  8.49353340  53.36766900
  8.49361090  53.36765280
  8.49369220  53.36764820
