8.5122981000 53.3399268000
8.5108959000 53.3413571000
8.5093388000 53.3412180000
8.5104427000 53.3413154000
8.5108610000 53.3411832000
8.5125305000 53.3392823000
8.5125576000 53.3390111000
8.5120618000 53.3387955000
8.5116706000 53.3375528000
8.5114227000 53.3373697000
8.5117713000 53.3362105000
8.5118410000 53.3370011000
8.5123523000 53.3382576000
8.5126389000 53.3385219000
8.5129527000 53.3383921000
8.5141031000 53.3341633000
8.5130379000 53.3345574000
8.5124143000 53.3344948000
8.5121664000 53.3350003000
8.5121160000 53.3347615000
8.5119533000 53.3347823000
8.5121625000 53.3326353000
8.5120502000 53.3323942000
8.5123755000 53.3310053000
8.5122826000 53.3305717000
8.5126777000 53.3301149000
8.5122593000 53.3333703000
8.5123213000 53.3341401000
8.5129914000 53.3343627000
8.5137196000 53.3340242000
8.5135453000 53.3336764000
8.5143471000 53.3325913000
8.5146608000 53.3313578000
8.5148041000 53.3299271000
8.5157066000 53.3264163000
8.5154588000 53.3266250000
8.5151992000 53.3274599000
8.5147151000 53.3276500000
8.5132393000 53.3272627000
8.5113336000 53.3261914000
8.5102374000 53.3260801000
8.5095635000 53.3262563000
8.5099508000 53.3259989000
8.5113840000 53.3260175000
8.5131502000 53.3269961000
8.5143665000 53.3273833000
8.5149591000 53.3273972000
8.5151411000 53.3271862000
8.5154316000 53.3259085000
8.5160243000 53.3259108000
8.5161598000 53.3240788000
8.5146647000 53.3244104000
8.5153619000 53.3240254000
8.5150366000 53.3237402000
8.5156485000 53.3237657000
8.5160398000 53.3233343000
8.5149397000 53.3220333000
8.5142657000 53.3219127000
8.5144323000 53.3216158000
8.5135608000 53.3208366000
8.5135027000 53.3189788000
8.5131928000 53.3191249000
8.5129062000 53.3195308000
8.5127164000 53.3192710000
8.5129798000 53.3188280000
8.5134214000 53.3186309000
8.5130030000 53.3182482000
8.5134485000 53.3183920000
8.5134485000 53.3178979000
8.5130301000 53.3171952000
8.5126932000 53.3169702000
8.5121005000 53.3156318000
8.5114266000 53.3149452000
8.5115156000 53.3154671000
8.5109579000 53.3158313000
8.5108417000 53.3164761000
8.5105434000 53.3168217000
8.5103420000 53.3167985000
8.5103226000 53.3166083000
8.5106403000 53.3162975000
8.5104776000 53.3159078000
8.5111167000 53.3154045000
8.5110160000 53.3144790000
8.5104698000 53.3139594000
8.5095092000 53.3139130000
8.5090367000 53.3136578000
8.5096990000 53.3138040000
8.5103614000 53.3137344000
8.5098307000 53.3108022000
8.5119533000 53.3096284000
8.5119533000 53.3094219000
8.5108184000 53.3077492000
8.5119030000 53.3079418000
8.5120579000 53.3077817000
8.5119030000 53.3073131000
8.5115854000 53.3068862000
8.5102684000 53.3068236000
8.5106906000 53.3066264000
8.5114149000 53.3066264000
8.5114808000 53.3064941000
8.5109308000 53.3058051000
8.5096719000 53.3059535000
8.5108029000 53.3054640000
8.5102026000 53.3048770000
8.5096216000 53.3048190000
8.5099082000 53.3045638000
8.5087423000 53.3024594000
8.5073479000 53.3006890000
8.5065732000 53.2994359000
8.5060232000 53.2994081000
8.5059419000 53.2992851000
8.5063214000 53.2991853000
8.5045126000 53.2969252000
8.5032499000 53.2948714000
8.5025333000 53.2927224000
8.5018090000 53.2929057000
8.5016192000 53.2927897000
8.5023590000 53.2924393000
8.5025023000 53.2922188000
8.5025681000 53.2902692000
8.5024558000 53.2900975000
8.5026495000 53.2897702000
8.5025565000 53.2894128000
8.5027386000 53.2890090000
8.5026495000 53.2882012000
8.5029826000 53.2876187000
8.5031569000 53.2860101000
8.5034164000 53.2858059000
8.5034513000 53.2848890000
8.5031724000 53.2847961000
8.5034706000 53.2846429000
8.5035055000 53.2843040000
8.5034629000 53.2812375000
8.5031646000 53.2795823000
8.5033118000 53.2793455000
8.5031143000 53.2781128000
8.5024326000 53.2783682000
8.5025991000 53.2780037000
8.5018399000 53.2781244000
8.5017896000 53.2780153000
8.5030368000 53.2776740000
8.5029012000 53.2746813000
8.5028354000 53.2739500000
8.5025798000 53.2737967000
8.5027153000 53.2735367000
8.5026495000 53.2732139000
8.5025178000 53.2729771000
8.5005346000 53.2731466000
8.5005230000 53.2730375000
8.5024519000 53.2727171000
8.5021653000 53.2702744000
8.5019794000 53.2698239000
8.5012551000 53.2690251000
8.4981137000 53.2667981000
8.4974437000 53.2667517000
8.4969750000 53.2669816000
8.4972229000 53.2666054000
8.4965644000 53.2667865000
8.4971144000 53.2664219000
8.4976877000 53.2665798000
8.4977496000 53.2664777000
8.4940235000 53.2641484000
8.4934115000 53.2638186000
8.4927607000 53.2638419000
8.4922223000 53.2643203000
8.4922378000 53.2639231000
8.4927840000 53.2636909000
8.4925903000 53.2635562000
8.4918970000 53.2637281000
8.4908589000 53.2633518000
8.4903980000 53.2634122000
8.4891624000 53.2652654000
8.4893096000 53.2654257000
8.4900532000 53.2653189000
8.4900649000 53.2655116000
8.4891120000 53.2656788000
8.4887983000 53.2666170000
8.4891507000 53.2671859000
8.4891314000 53.2678501000
8.4894606000 53.2684004000
8.4894103000 53.2689949000
8.4899564000 53.2696497000
8.4902624000 53.2719067000
8.4911610000 53.2736365000
8.4910952000 53.2758793000
8.4915213000 53.2770541000
8.4918040000 53.2789694000
8.4921759000 53.2795336000
8.4930280000 53.2816716000
8.4938375000 53.2842599000
8.4940854000 53.2845617000
8.4950112000 53.2848077000
8.4956232000 53.2869177000
8.4949647000 53.2868945000
8.4945309000 53.2872148000
8.4947323000 53.2884635000
8.4951235000 53.2891111000
8.4950770000 53.2911674000
8.4953327000 53.2916455000
8.4953559000 53.2921909000
8.4974010000 53.2958368000
8.4981215000 53.2982339000
8.4980905000 53.2997074000
8.4984507000 53.3001762000
8.4976489000 53.3013549000
8.4972887000 53.3037053000
8.4973817000 53.3047146000
8.4977845000 53.3053967000
8.4977303000 53.3066264000
8.4975018000 53.3070996000
8.4978039000 53.3073200000
8.4973003000 53.3073780000
8.4975211000 53.3078536000
8.4971183000 53.3093454000
8.4976257000 53.3095959000
8.4972771000 53.3100251000
8.4978000000 53.3100900000
8.4980711000 53.3105331000
8.4979046000 53.3106584000
8.4975637000 53.3102640000
8.4971260000 53.3104937000
8.4964753000 53.3114216000
8.4964366000 53.3117789000
8.4959795000 53.3123078000
8.4954953000 53.3138364000
8.4950034000 53.3146622000
8.4950770000 53.3153117000
8.4948098000 53.3154254000
8.4942985000 53.3166941000
8.4938337000 53.3189231000
8.4937833000 53.3202034000
8.4940080000 53.3210337000
8.4936981000 53.3219104000
8.4943914000 53.3239071000
8.4943742000 53.3250440000
8.4946616000 53.3253522000
8.4948136000 53.3261195000
8.4953365000 53.3271468000
8.4949453000 53.3276152000
8.4950886000 53.3286077000
8.4979859000 53.3332660000
8.5000001000 53.3355752000
8.5006198000 53.3370938000
8.5015107000 53.3386007000
8.5021731000 53.3392637000
8.5040710000 53.3420201000
8.5047760000 53.3440229000
8.5052834000 53.3445908000
8.5052989000 53.3450289000
8.5055855000 53.3452838000
8.5053182000 53.3459862000
8.5055739000 53.3468739000
8.5055739000 53.3476666000
8.5050936000 53.3481139000
8.5060232000 53.3494211000
8.5071542000 53.3503621000
8.5070651000 53.3515997000
8.5076733000 53.3522950000
8.5087888000 53.3528929000
8.5091761000 53.3528049000
8.5104621000 53.3515232000
8.5116512000 53.3499982000
8.5130146000 53.3474348000
8.5125537000 53.3450080000
8.5118100000 53.3440321000
8.5118100000 53.3416167000
8.5123910000 53.3403927000
8.5122981000 53.3400867000
8.5122981000 53.3399268000
