  8.72412630  53.11628870
  8.72452840  53.11614490
  8.72535730  53.11586650
  8.72587510  53.11568270
  8.72638150  53.11549330
  8.72727680  53.11513150
  8.72815500  53.11476180
  8.72886060  53.11445140
  8.72959280  53.11411130
  8.73161470  53.11315030
  8.73496820  53.11154220
  8.73563400  53.11122950
  8.73629970  53.11089970
  8.73748900  53.11034840
  8.73784940  53.11018630
  8.73794610  53.11015100
  8.73800480  53.11013470
  8.73806560  53.11011790
  8.73818510  53.11010300
  8.73824200  53.11010420
  8.73829700  53.11011100
  8.73834820  53.11012240
  8.73841270  53.11014300
  8.73855880  53.11020800
  8.73875790  53.11031420
  8.73891730  53.11041460
  8.73893050  53.11042370
  8.73899120  53.11047400
  8.73903110  53.11053790
  8.73904240  53.11057330
  8.73904430  53.11060860
  8.73903110  53.11063950
  8.73897420  53.11070680
  8.73896200  53.11071680
  8.73878640  53.11086200
  8.73856640  53.11102750
  8.73842790  53.11111880
  8.73828370  53.11120670
  8.73823560  53.11123470
  8.73719690  53.11183900
  8.73669430  53.11212090
  8.73612330  53.11241990
  8.73552770  53.11271890
  8.73504790  53.11294380
  8.73417530  53.11333060
  8.73342040  53.11365020
  8.73270350  53.11394580
  8.73231080  53.11409870
  8.73182340  53.11427220
  8.73067010  53.11467160
  8.73036850  53.11477550
  8.72993800  53.11491930
  8.72973500  53.11498320
  8.72931960  53.11510190
  8.72829540  53.11537920
  8.72714400  53.11567020
  8.72633220  53.11586190
  8.72589220  53.11595890
  8.72512400  53.11610840
  8.72412630  53.11628870
