  8.54964170  53.56303670
  8.55188320  53.56095350
  8.55544320  53.55717910
  8.55633160  53.55622830
  8.55779630  53.55466070
  8.55818170  53.55464860
  8.55849610  53.55633360
  8.55886130  53.55632760
  8.55888680  53.55653830
  8.55920190  53.55913960
  8.55923650  53.55942560
  8.55812090  53.55946790
  8.55820200  53.56020470
  8.55704580  53.56024690
  8.55665020  53.55979400
  8.55633580  53.55978190
  8.55386100  53.56236040
  8.55368860  53.56253550
  8.55356690  53.56275290
  8.55348570  53.56295820
  8.55344520  53.56320580
  8.55286710  53.56614640
  8.55260330  53.56760750
  8.55244110  53.56902630
  8.55233960  53.57084360
  8.55288730  53.57116360
  8.55275550  53.57179750
  8.55162970  53.57203290
  8.55115300  53.57204500
  8.55036190  53.57199670
  8.55033980  53.57181710
  8.54993010  53.56849220
  8.54991900  53.56840200
  8.54990880  53.56832230
  8.54961130  53.56599540
  8.54964170  53.56303670
