8.5496417000 53.5630367000
8.5518832000 53.5609535000
8.5577963000 53.5546607000
8.5581817000 53.5546486000
8.5584961000 53.5563336000
8.5588613000 53.5563276000
8.5592365000 53.5594256000
8.5581209000 53.5594679000
8.5582020000 53.5602047000
8.5570458000 53.5602469000
8.5566502000 53.5597940000
8.5563358000 53.5597819000
8.5535669000 53.5627529000
8.5524411000 53.5690263000
8.5523396000 53.5708436000
8.5528873000 53.5711636000
8.5527555000 53.5717975000
8.5516297000 53.5720329000
8.5503619000 53.5719967000
8.5496113000 53.5659954000
8.5496417000 53.5630367000
