  8.56220990  53.55204670
  8.56294260  53.55205240
  8.56375760  53.55118670
  8.56486830  53.55001190
  8.56783220  53.54689220
  8.56793290  53.54678820
  8.56802020  53.54666420
  8.56807840  53.54655360
  8.56812090  53.54642160
  8.56819750  53.54584600
  8.56820280  53.54582510
  8.56824810  53.54564540
  8.56839830  53.54517420
  8.56821720  53.54498310
  8.56818570  53.54494990
  8.56817050  53.54493390
  8.56834860  53.54487500
  8.56900230  53.54554730
  8.56916270  53.54565730
  8.56938470  53.54576170
  8.56962710  53.54583830
  8.56978750  53.54576170
  8.57013380  53.54596850
  8.57076740  53.54640020
  8.57041690  53.54655050
  8.56920820  53.54782450
  8.56939080  53.54809030
  8.56902570  53.54843460
  8.56687540  53.55054870
  8.56733190  53.55082050
  8.56679430  53.55121310
  8.56622630  53.55108630
  8.56347770  53.55393710
  8.56159120  53.55593010
  8.56127500  53.55640080
  8.56118550  53.55653410
  8.56092180  53.55717420
  8.56074940  53.55798350
  8.56062770  53.55916110
  8.56008000  53.55940870
  8.56004570  53.55912030
  8.55973250  53.55648910
  8.55971820  53.55629100
  8.55991150  53.55342970
  8.56085080  53.55344190
  8.56220990  53.55204670
