  8.49378330  53.21456740
  8.49364390  53.21466040
  8.49328750  53.21480450
  8.49285370  53.21501610
  8.49254770  53.21523230
  8.49248190  53.21526950
  8.49220210  53.21532910
  8.49170720  53.21543460
  8.49154450  53.21547180
  8.49138960  53.21551830
  8.49126950  53.21556710
  8.49091700  53.21573450
  8.49074270  53.21582990
  8.49027790  53.21598800
  8.48992540  53.21610420
  8.48978600  53.21614610
  8.48947610  53.21621810
  8.48924760  53.21627160
  8.48893770  53.21638550
  8.48873630  53.21644370
  8.48819400  53.21657150
  8.48781830  53.21663900
  8.48763620  53.21669710
  8.48719470  53.21681330
  8.48583130  53.21703890
  8.48417340  53.21735040
  8.48286420  53.21758520
  8.48205470  53.21770840
  8.48166740  53.21775490
  8.48141170  53.21777820
  8.48115220  53.21779210
  8.48090040  53.21779210
  8.48069510  53.21780140
  8.48030390  53.21788280
  8.48002890  53.21791530
  8.47990890  53.21791530
  8.47977720  53.21790140
  8.47974230  53.21788630
  8.47972290  53.21787810
  8.47969190  53.21784790
  8.47968420  53.21781300
  8.47970740  53.21765500
  8.47978100  53.21746660
  8.47983140  53.21736900
  8.48000570  53.21713420
  8.48069510  53.21633210
  8.48105540  53.21594610
  8.48108640  53.21587170
  8.48108640  53.21579500
  8.48107090  53.21575780
  8.48108640  53.21573220
  8.48115220  53.21569270
  8.48152790  53.21532530
  8.48159380  53.21529740
  8.48181070  53.21523000
  8.48186490  53.21519050
  8.48198500  53.21503240
  8.48236460  53.21474640
  8.48242270  53.21469290
  8.48250010  53.21456970
  8.48255050  53.21453020
  8.48268610  53.21446280
  8.48276740  53.21443950
  8.48296110  53.21443490
  8.48300760  53.21442560
  8.48306950  53.21439770
  8.48308120  53.21438140
  8.48307730  53.21436040
  8.48305400  53.21434650
  8.48259700  53.21418370
  8.48248080  53.21415580
  8.48236070  53.21413720
  8.48263960  53.21411630
  8.48293010  53.21410470
  8.48311600  53.21407680
  8.48321280  53.21404660
  8.48327090  53.21400700
  8.48360790  53.21371640
  8.48378220  53.21360710
  8.48394490  53.21353040
  8.48404950  53.21341410
  8.48427800  53.21303280
  8.48449490  53.21274680
  8.48453370  53.21268400
  8.48455690  53.21260730
  8.48459950  53.21258410
  8.48465370  53.21256780
  8.48478160  53.21254220
  8.48487840  53.21249100
  8.48492100  53.21241200
  8.48492100  53.21232130
  8.48494040  53.21227950
  8.48530060  53.21171440
  8.48555620  53.21134010
  8.48592030  53.21086570
  8.48629990  53.21040530
  8.48651680  53.21016120
  8.48685770  53.20980540
  8.48732250  53.20937980
  8.48757040  53.20917520
  8.48808170  53.20877990
  8.48875180  53.20830090
  8.48892220  53.20819860
  8.48950320  53.20790090
  8.48994480  53.20763580
  8.49025850  53.20746370
  8.49075430  53.20720790
  8.49104100  53.20703820
  8.49108360  53.20699160
  8.49109520  53.20694050
  8.49108360  53.20688930
  8.49104100  53.20683580
  8.49091310  53.20671490
  8.49088990  53.20667540
  8.49088600  53.20662890
  8.49089760  53.20658470
  8.49092090  53.20654050
  8.49098290  53.20646840
  8.49152510  53.20604280
  8.49170720  53.20587770
  8.49195120  53.20562660
  8.49221460  53.20538940
  8.49249350  53.20509870
  8.49278010  53.20486150
  8.49286920  53.20475910
  8.49292730  53.20471260
  8.49301640  53.20466380
  8.49308220  53.20464980
  8.49313650  53.20455450
  8.49316360  53.20453120
  8.49319840  53.20452660
  8.49329140  53.20454290
  8.49348120  53.20460330
  8.49352380  53.20458940
  8.49352380  53.20453120
  8.49350440  53.20450560
  8.49342310  53.20445910
  8.49339980  53.20442190
  8.49339980  53.20438010
  8.49342700  53.20434280
  8.49359740  53.20422890
  8.49389950  53.20405680
  8.49414740  53.20386840
  8.49420940  53.20383350
  8.49427910  53.20380560
  8.49455410  53.20373350
  8.49463550  53.20370330
  8.49481750  53.20353590
  8.49492980  53.20347770
  8.49542170  53.20326140
  8.49575100  53.20313350
  8.49606470  53.20305680
  8.49627390  53.20301960
  8.49648690  53.20299160
  8.49676190  53.20296840
  8.49749400  53.20293350
  8.49760250  53.20292190
  8.49776500  53.20287300
  8.49792060  53.20282630
  8.49803630  53.20280330
  8.49858240  53.20274740
  8.49877610  53.20270790
  8.49883810  53.20268460
  8.49893490  53.20258700
  8.49898530  53.20254980
  8.49903950  53.20252180
  8.49910150  53.20250320
  8.49918670  53.20249390
  8.49943070  53.20250320
  8.49960110  53.20249630
  8.49973280  53.20247300
  8.49993040  53.20239390
  8.50000010  53.20237530
  8.50080570  53.20219390
  8.50170440  53.20209160
  8.50199870  53.20210550
  8.50237830  53.20214510
  8.50254490  53.20217760
  8.50263790  53.20221020
  8.50290120  53.20217300
  8.50302130  53.20216830
  8.50313360  53.20219860
  8.50337770  53.20230560
  8.50351320  53.20239160
  8.50400130  53.20265910
  8.50412140  53.20274280
  8.50419880  53.20281260
  8.50427240  53.20290560
  8.50432280  53.20300330
  8.50435380  53.20315210
  8.50433830  53.20328700
  8.50431500  53.20334980
  8.50427630  53.20340790
  8.50421820  53.20346140
  8.50403610  53.20359630
  8.50402070  53.20363350
  8.50402450  53.20367310
  8.50405160  53.20371490
  8.50409810  53.20374750
  8.50416780  53.20377540
  8.50421040  53.20377770
  8.50427630  53.20376380
  8.50429950  53.20374750
  8.50430730  53.20365910
  8.50432670  53.20362660
  8.50443900  53.20353590
  8.50447380  53.20336140
  8.50452810  53.20331960
  8.50456290  53.20331030
  8.50459780  53.20331260
  8.50479150  53.20339400
  8.50488440  53.20345680
  8.50503940  53.20359630
  8.50526890  53.20377350
  8.50539180  53.20386840
  8.50540730  53.20391960
  8.50538800  53.20394750
  8.50515560  53.20410100
  8.50480700  53.20441260
  8.50451640  53.20464290
  8.50447000  53.20469170
  8.50443900  53.20474290
  8.50443120  53.20491960
  8.50441190  53.20496610
  8.50437310  53.20500800
  8.50432280  53.20504290
  8.50400130  53.20521490
  8.50390830  53.20528010
  8.50384640  53.20534290
  8.50380370  53.20541030
  8.50378050  53.20551030
  8.50373020  53.20558940
  8.50328080  53.20600560
  8.50296320  53.20627070
  8.50293220  53.20628240
  8.50288960  53.20628000
  8.50281600  53.20623820
  8.50264950  53.20601730
  8.50261070  53.20598240
  8.50240550  53.20595450
  8.50232800  53.20595910
  8.50229310  53.20598010
  8.50221180  53.20605910
  8.50214980  53.20608240
  8.50208400  53.20606610
  8.50201420  53.20603120
  8.50195610  53.20598940
  8.50186710  53.20589630
  8.50174310  53.20571260
  8.50172370  53.20570330
  8.50170050  53.20570330
  8.50167340  53.20571490
  8.50161530  53.20582190
  8.50159590  53.20588240
  8.50159590  53.20594050
  8.50163470  53.20605910
  8.50167340  53.20611960
  8.50173540  53.20618010
  8.50177800  53.20620560
  8.50190190  53.20624050
  8.50193290  53.20625910
  8.50194060  53.20628240
  8.50193290  53.20630330
  8.50176250  53.20649860
  8.50176250  53.20661260
  8.50173920  53.20670560
  8.50168890  53.20676840
  8.50158430  53.20685210
  8.50155330  53.20691030
  8.50154560  53.20702890
  8.50155720  53.20710790
  8.50162300  53.20728470
  8.50160750  53.20732420
  8.50137900  53.20763810
  8.50132870  53.20773110
  8.50122410  53.20781490
  8.50100720  53.20789160
  8.50091810  53.20794970
  8.50086380  53.20800090
  8.50080190  53.20811020
  8.50076310  53.20814040
  8.50056950  53.20822410
  8.50021310  53.20843570
  8.50017050  53.20844970
  8.50000010  53.20843340
  8.49973670  53.20841020
  8.49939580  53.20842180
  8.49934940  53.20841710
  8.49932220  53.20840090
  8.49928350  53.20834510
  8.49922150  53.20831020
  8.49914790  53.20829160
  8.49907430  53.20829850
  8.49904340  53.20831020
  8.49901620  53.20834040
  8.49904720  53.20837300
  8.49913240  53.20840320
  8.49918280  53.20844500
  8.49919440  53.20847060
  8.49915570  53.20852640
  8.49914410  53.20856360
  8.49915960  53.20859150
  8.49938810  53.20872640
  8.49947720  53.20881940
  8.49949270  53.20887290
  8.49947330  53.20890780
  8.49939970  53.20896590
  8.49928740  53.20910310
  8.49914410  53.20931710
  8.49904340  53.20945190
  8.49865600  53.20985650
  8.49852820  53.20997510
  8.49837330  53.21009840
  8.49828030  53.21018210
  8.49824540  53.21019840
  8.49816800  53.21019840
  8.49806730  53.21015190
  8.49801300  53.21015420
  8.49790460  53.21018670
  8.49782320  53.21023790
  8.49772250  53.21028900
  8.49755990  53.21035420
  8.49748630  53.21036810
  8.49741270  53.21036580
  8.49734680  53.21035180
  8.49725770  53.21030530
  8.49723450  53.21027510
  8.49719190  53.21012860
  8.49710280  53.21005650
  8.49704080  53.21005650
  8.49699820  53.21008210
  8.49698270  53.21010770
  8.49699820  53.21023560
  8.49699050  53.21024950
  8.49695560  53.21026110
  8.49690140  53.21024720
  8.49687810  53.21023090
  8.49664190  53.21002860
  8.49652570  53.20999140
  8.49647140  53.20999370
  8.49644820  53.21000540
  8.49643660  53.21002860
  8.49644820  53.21004950
  8.49657600  53.21021230
  8.49662640  53.21026110
  8.49675420  53.21035180
  8.49693620  53.21043550
  8.49697500  53.21048200
  8.49696340  53.21054020
  8.49687040  53.21068900
  8.49688200  53.21076570
  8.49694400  53.21082850
  8.49698660  53.21085180
  8.49703690  53.21086340
  8.49725770  53.21087500
  8.49748630  53.21087500
  8.49751720  53.21088900
  8.49753270  53.21090760
  8.49753270  53.21095870
  8.49742430  53.21108430
  8.49737780  53.21112380
  8.49724220  53.21120060
  8.49714150  53.21123080
  8.49703310  53.21128190
  8.49693240  53.21134940
  8.49675420  53.21150980
  8.49657600  53.21173770
  8.49651020  53.21184930
  8.49644430  53.21189350
  8.49635520  53.21193300
  8.49614220  53.21197720
  8.49608800  53.21199580
  8.49603760  53.21202600
  8.49596010  53.21209580
  8.49582850  53.21224920
  8.49578970  53.21226550
  8.49577460  53.21226750
  8.49573940  53.21227250
  8.49569680  53.21226550
  8.49566580  53.21224920
  8.49562320  53.21220970
  8.49553020  53.21208880
  8.49547980  53.21204230
  8.49545660  53.21203300
  8.49527840  53.21204000
  8.49503440  53.21203300
  8.49492980  53.21204000
  8.49482910  53.21206320
  8.49479430  53.21209110
  8.49475170  53.21215620
  8.49464710  53.21225620
  8.49463160  53.21229340
  8.49462380  53.21239110
  8.49468190  53.21270030
  8.49470130  53.21276540
  8.49475170  53.21284210
  8.49475550  53.21289560
  8.49474000  53.21294910
  8.49466260  53.21305840
  8.49453470  53.21331180
  8.49432560  53.21332110
  8.49423260  53.21366760
  8.49394990  53.21415350
  8.49343860  53.21443020
  8.49378330  53.21456740
