04 0
11 0
0.0000000000000000     2.496391144e-10     7.739165105e-11     0.000000000e+00     3.000000000e+00     0.000000000e+00     0.000000000e+00     0.000000000e+00     6.024201667e-01     0.000000000e+00     -6.337852523e-02     1.304928331e-01
22.7474221100000022     7.528855529e+01     -1.465063310e+00     5.022353926e-02     3.608493518e+00     -3.103578533e-01     4.415756426e-03     -6.099999993e-01     2.349999998e+00     2.666238086e+00     9.746072289e-03     2.315797535e-02
45.4948442200000045     1.674503828e+02     -6.929374987e-01     2.134452059e-01     4.423453753e+00     -7.575040294e-01     9.935026956e-03     -6.099999995e-01     1.958451663e+00     3.445286477e+00     -9.746072306e-03     -5.758370574e-02
68.2422663299999925     2.689986823e+02     1.439901964e+01     4.432420179e-01     4.499999998e+00     -8.852441999e-01     1.026918021e-02     -6.100000000e-01     1.239307431e+00     4.030935141e+00     9.746064583e-03     -5.644931313e-03
90.9896884400000090     3.635779627e+02     4.973143060e+01     6.430987391e-01     4.282708077e+00     -7.397339280e-01     7.302633545e-03     2.072929025e-02     9.536551165e-01     4.409548831e+00     4.570895425e-02     -1.947021303e-02
113.7371105499999970     4.444736109e+02     1.001915545e+02     7.631356483e-01     4.043214205e+00     -4.626658540e-01     3.251258886e-03     6.099999095e-01     3.829152142e-01     4.837833822e+00     6.100932650e-03     -3.071040984e-02
136.4845326599999851     5.127333873e+02     1.571774659e+02     8.033100325e-01     3.751386909e+00     -2.155688734e-01     2.809560614e-04     6.099999408e-01     1.707337002e-02     4.958822873e+00     -6.100929889e-03     -1.455160571e-03
159.2319547699999873     5.723055507e+02     2.141729081e+02     7.883218259e-01     3.492344696e+00     -2.206245677e-02     -1.598749958e-03     6.099999997e-01     1.511335799e-02     4.967735431e+00     6.100935064e-03     1.282835569e-03
181.9793768800000180     6.272748898e+02     2.681341326e+02     7.454193577e-01     3.279259711e+00     8.030732915e-02     -2.173323269e-03     2.146146770e-01     -4.231073071e-02     5.166710602e+00     -4.086402772e-02     -6.331674833e-03
204.7267989899999918     6.803968199e+02     3.174295121e+02     7.094161541e-01     3.092756034e+00     4.783086220e-02     -9.921522688e-04     -6.099992763e-01     2.118713685e-02     5.491262741e+00     -3.163772626e-02     1.191453388e-02
227.4742210999999941     7.328703642e+02     3.626883205e+02     6.981317008e-01     3.000000000e+00     0.000000000e+00     0.000000000e+00     0.000000000e+00     6.024201667e-01     6.635304611e+00     8.527011990e-02     3.918866793e-02
