02 0
11 0
0.0000000000000000     2.496391144e-10     7.739165105e-11     0.000000000e+00     3.000000000e+00     0.000000000e+00     0.000000000e+00     0.000000000e+00     6.024201667e-01     0.000000000e+00     -3.779239353e-02     1.420312351e-01
18.9922194500000003     6.181894655e+01     -1.231157103e+00     3.439413041e-02     3.503389252e+00     -2.502688612e-01     3.621917966e-03     -5.914605107e-01     2.305397215e+00     2.402120720e+00     -2.449211324e-02     3.730294458e-02
37.9844389000000007     1.350841672e+02     -2.314358688e+00     1.425070329e-01     4.164947807e+00     -5.818449423e-01     7.763049732e-03     -4.776381145e-01     1.717619299e+00     3.887514935e+00     3.647832648e-02     -9.919965109e-02
56.9766583499999939     2.144880665e+02     3.420594917e+00     2.775244447e-01     4.158520733e+00     -5.729088915e-01     6.455131781e-03     1.512548891e-01     2.711490788e-01     5.386507548e+00     2.974805692e-02     -5.312274842e-02
75.9688778000000013     2.894806435e+02     1.869683058e+01     3.712327920e-01     3.856145045e+00     -4.062054123e-01     3.412945780e-03     5.090035911e-01     -8.287159273e-02     5.770612980e+00     7.925128440e-03     1.584214809e-02
94.9610972499999946     3.573442640e+02     4.003935625e+01     4.156183309e-01     3.611182554e+00     -2.523548680e-01     1.261130261e-03     5.303734111e-01     6.173248135e-02     5.803808078e+00     -5.674752174e-03     -6.144308192e-04
113.9533166999999878     4.198452797e+02     6.417615426e+01     4.243903193e-01     3.435659201e+00     -1.098367312e-01     -3.373847872e-04     5.379361882e-01     3.106732633e-01     5.882091608e+00     6.471160111e-03     2.682945877e-02
132.9455361499999810     4.789468861e+02     8.925240133e+01     4.070658086e-01     3.323649288e+00     1.111457827e-02     -1.486995002e-03     5.218809485e-01     4.635414680e-01     5.980556122e+00     -8.161877693e-03     -1.073147663e-02
151.9377556000000027     5.359969444e+02     1.136680312e+02     3.772869668e-01     3.210545569e+00     6.697138885e-02     -1.648904084e-03     -5.339259306e-02     1.055157894e-01     6.334254032e+00     -5.241803957e-02     -2.697087611e-02
170.9299750499999959     5.913320743e+02     1.359338416e+02     3.553473216e-01     3.070555795e+00     3.350234547e-02     -6.614783649e-04     -4.636170402e-01     4.754210683e-02     6.714048003e+00     9.218828637e-03     2.086588319e-02
189.9221944999999891     6.453283488e+02     1.561203417e+02     3.490658504e-01     3.000000000e+00     0.000000000e+00     0.000000000e+00     0.000000000e+00     6.024201667e-01     7.056814001e+00     3.960295771e-02     3.756626173e-02
