01 0
11 0
0.0000000000000000     2.496391144e-10     7.739165105e-11     0.000000000e+00     3.000000000e+00     0.000000000e+00     0.000000000e+00     0.000000000e+00     6.024201667e-01     0.000000000e+00     -4.970576962e-02     2.052438680e-01
15.5946617199999995     5.021044065e+01     -1.033925993e+00     2.516200279e-02     3.435014668e+00     -2.190920713e-01     3.227002065e-03     -6.100000000e-01     2.350000000e+00     3.706194772e+00     -2.852612933e-02     1.888152371e-02
31.1893234399999990     1.084156890e+02     -2.529306224e+00     9.818053971e-02     4.000139795e+00     -4.534701207e-01     6.137553348e-03     -2.252888862e-01     1.556230228e+00     5.591634879e+00     7.786495062e-02     -1.206817149e-01
46.7839851599999932     1.711105487e+02     -4.079979773e-01     1.801612095e-01     4.009594281e+00     -3.936057223e-01     4.376386782e-03     4.785488760e-01     1.626452100e-01     7.531957361e+00     1.240154884e-02     -5.804419059e-02
62.3786468799999980     2.316818766e+02     6.926442346e+00     2.303881295e-01     3.792982698e+00     -2.637181407e-01     2.065166209e-03     6.100000000e-01     -2.287865763e-01     7.814840574e+00     4.456928325e-03     7.843449696e-03
77.9733085999999957     2.884971814e+02     1.752174153e+01     2.499535743e-01     3.609093848e+00     -1.478992109e-01     4.440828124e-04     6.100000000e-01     5.872108881e-04     7.860249697e+00     -4.456928327e-03     2.157351250e-02
93.5679703199999864     3.421395322e+02     2.967216503e+01     2.464145853e-01     3.442282929e+00     -3.178975050e-02     -8.979546694e-04     6.100000000e-01     7.523128114e-03     7.932997950e+00     4.456928330e-03     -2.068398795e-02
109.1626320399999912     3.931735299e+02     4.217753960e+01     2.251947840e-01     3.295741732e+00     6.056327650e-02     -1.823463940e-03     6.099999900e-01     -2.313494510e-01     7.978429528e+00     -4.456930481e-03     -9.951184964e-03
124.7572937599999960     4.422733219e+02     5.386701497e+01     1.976521949e-01     3.175962889e+00     8.214545938e-02     -1.708845965e-03     -1.149982744e-01     -2.510905766e-01     8.605748005e+00     -8.852338171e-02     7.419405063e-03
140.3519554799999867     4.898747633e+02     6.387356196e+01     1.794303414e-01     3.061923783e+00     3.320117537e-02     -6.280887984e-04     -6.100000000e-01     2.150211766e-02     9.330584459e+00     2.503989814e-02     2.754033939e-02
155.9466171999999915     5.363567116e+02     7.245118287e+01     1.745329252e-01     3.000000000e+00     0.000000000e+00     0.000000000e+00     0.000000000e+00     6.024201667e-01     9.839694083e+00     5.319200081e-02     4.696182801e-02
