15 0
11 0
0.0000000000000000     2.496391144e-10     7.739165105e-11     0.000000000e+00     3.000000000e+00     0.000000000e+00     0.000000000e+00     0.000000000e+00     6.024201667e-01     0.000000000e+00     -1.525847802e-02     -2.129445338e-01
26.1478158399999998     6.464927107e+01     -2.354513393e+00     3.559405421e-02     1.937267161e+00     -2.491910192e-01     2.722525998e-03     -6.099999985e-01     -2.349999733e+00     6.340276926e+00     -3.139933862e-02     -1.288082141e-02
52.2956316799999996     9.971432854e+01     -9.926130018e+00     1.391587870e-01     6.746781357e-01     -4.974403621e-01     5.198956505e-03     -6.099998991e-01     -9.136683380e-01     8.838811494e+00     3.139934622e-02     1.227432592e-01
78.4434475199999923     1.181806358e+02     -1.950031100e+01     2.725924581e-01     5.606397236e-01     -5.027698416e-01     5.007148038e-03     -6.099999979e-01     9.338278573e-01     1.117833246e+01     -3.139935377e-02     1.856844398e-02
104.5912633599999992     1.386439956e+02     -2.620980228e+01     4.055897991e-01     7.467146546e-01     -5.164564395e-01     5.165582398e-03     -6.099999969e-01     9.937322009e-01     1.157971564e+01     3.139935384e-02     -1.398646712e-02
130.7390791999999919     1.628141229e+02     -2.855049460e+01     5.346865151e-01     8.254554699e-01     -4.878173506e-01     4.708796158e-03     -4.240088013e-01     3.626589597e-01     1.197029939e+01     -1.717321757e-02     -3.428320442e-02
156.8868950399999846     1.891056477e+02     -2.586801761e+01     6.573639695e-01     9.577254422e-01     -4.811989151e-01     4.674584474e-03     -6.099999971e-01     1.147070544e+00     1.338255901e+01     2.947081288e-03     9.428145356e-02
183.0347108799999774     2.229213248e+02     -8.824611795e+00     7.203356139e-01     1.878344349e+00     -1.858565241e-01     1.420047845e-04     6.099998321e-01     2.262157501e+00     1.587639606e+01     9.036853915e-02     -8.990432448e-03
209.1825267199999985     2.688151134e+02     2.868579326e+01     6.564717511e-01     2.645424902e+00     1.959158539e-01     -5.026838245e-03     6.099999998e-01     7.382431700e-01     1.975725671e+01     -9.036852633e-02     -1.075710685e-01
235.3303425599999912     3.250985882e+02     7.274204049e+01     5.571750532e-01     2.822836431e+00     1.264548728e-01     -2.568189846e-03     -6.099999982e-01     1.267706353e+00     2.528969987e+01     -2.947107021e-03     1.480687672e-01
261.4781583999999839     3.895150003e+02     1.132713946e+02     5.235987756e-01     3.000000000e+00     0.000000000e+00     0.000000000e+00     0.000000000e+00     6.024201667e-01     3.373124928e+01     4.960492363e-02     -1.989553261e-01
