05 0
31 0
0.0000000000000000     0.000000000e+00     0.000000000e+00     0.000000000e+00     3.000000000e+00     0.000000000e+00     0.000000000e+00     0.000000000e+00     6.024201667e-01
5.4664827361200183     1.665548614e+01     1.129461804e-01     -2.052165480e-03     3.093584250e+00     4.767180641e-02     -7.508175106e-04     6.099999998e-01     1.850071663e+00
10.9329654738799817     3.425188452e+01     5.808354661e-01     -1.114874736e-02     3.342592168e+00     1.671369335e-01     -2.577312229e-03     6.100000000e-01     2.350000000e+00
16.3994482099999992     5.337215963e+01     1.470688817e+00     -3.080192465e-02     3.643451129e+00     3.080591427e-01     -4.613116510e-03     6.099999999e-01     2.350000000e+00
21.8659309412001832     7.412685782e+01     2.558567320e+00     -6.092439315e-02     3.922595340e+00     4.419661810e-01     -6.407669598e-03     6.100000000e-01     2.350000000e+00
27.3324136887998144     9.640632524e+01     3.506726548e+00     -1.000970856e-01     4.173554158e+00     5.644757653e-01     -7.924285448e-03     6.100000000e-01     2.321562297e+00
32.7988964199999984     1.199796647e+02     3.956675294e+00     -1.463861096e-01     4.365462666e+00     6.638978203e-01     -9.011293150e-03     6.100000000e-01     2.092042897e+00
38.2653791512001860     1.444168128e+02     3.576495909e+00     -1.971279862e-01     4.468638224e+00     7.302127968e-01     -9.553432671e-03     6.099999999e-01     1.765828988e+00
43.7318618987998136     1.692228624e+02     2.139699674e+00     -2.497380256e-01     4.500000000e+00     7.695014919e-01     -9.694790357e-03     6.100000000e-01     1.546299062e+00
49.1983446300000011     1.940490216e+02     -4.538193286e-01     -3.026897127e-01     4.500000000e+00     7.952170389e-01     -9.678429898e-03     6.099999999e-01     1.498240938e+00
54.6648273612001816     2.187382470e+02     -4.231720371e+00     -3.555453421e-01     4.497442380e+00     8.167799349e-01     -9.659646150e-03     6.099999999e-01     1.539650601e+00
60.1313101087998092     2.432357069e+02     -9.203065732e+00     -4.083905649e-01     4.500000000e+00     8.369525849e-01     -9.674622470e-03     6.099999999e-01     1.569987022e+00
65.5977928399999968     2.674849041e+02     -1.537326736e+01     -4.612970253e-01     4.500000000e+00     8.537390593e-01     -9.682050885e-03     6.099999999e-01     1.531340062e+00
71.0642755712001843     2.913679366e+02     -2.272919421e+01     -5.140374570e-01     4.483305566e+00     8.631892516e-01     -9.613878219e-03     6.099999998e-01     1.398303087e+00
76.5307583187998119     3.147066078e+02     -3.121882072e+01     -5.660930933e-01     4.440377156e+00     8.628787322e-01     -9.431507584e-03     6.099999998e-01     1.210186570e+00
81.9972410499999995     3.373201702e+02     -4.076940240e+01     -6.166211153e-01     4.379377119e+00     8.476637948e-01     -9.054976117e-03     4.724812524e-01     1.055706853e+00
87.4637237812001871     3.590888755e+02     -5.135144267e+01     -6.640384309e-01     4.323869979e+00     8.052735805e-01     -8.293405970e-03     1.324501994e-01     1.023147809e+00
92.9302065287998147     3.799741932e+02     -6.300313089e+01     -7.059043632e-01     4.294263589e+00     7.272797105e-01     -7.023913887e-03     -2.818560458e-01     1.146652110e+00
98.3966892600000023     4.000241173e+02     -7.577393450e+01     -7.398471258e-01     4.300762903e+00     6.219721508e-01     -5.394587819e-03     -5.338534754e-01     1.354503699e+00
103.8631719912001756     4.193771190e+02     -8.966795566e+01     -7.646130726e-01     4.344666848e+00     5.049204858e-01     -3.666429280e-03     -6.099999997e-01     1.503906212e+00
109.3296547387998032     4.382151141e+02     -1.046151068e+02     -7.802256503e-01     4.409265518e+00     3.886749826e-01     -2.045681591e-03     -6.099999995e-01     1.489854958e+00
114.7961374699999908     4.566848972e+02     -1.204379283e+02     -7.877128917e-01     4.463872361e+00     2.836423997e-01     -6.936452564e-04     -6.099999998e-01     1.322760688e+00
120.2626202012001784     4.748674340e+02     -1.368730449e+02     -7.886451882e-01     4.490684230e+00     1.933420003e-01     3.525497178e-04     -6.095537537e-01     1.125623438e+00
125.7291029487998202     4.928305566e+02     -1.536644428e+02     -7.847908950e-01     4.500000000e+00     1.216402278e-01     1.057604982e-03     -3.926385221e-01     1.020682837e+00
131.1955856799999935     5.106908172e+02     -1.705897395e+02     -7.787450725e-01     4.500000000e+00     8.757138567e-02     1.154355737e-03     5.818998293e-02     8.796269766e-01
136.6620684112001811     5.285244879e+02     -1.873888448e+02     -7.740340611e-01     4.461817962e+00     9.944342043e-02     5.692430073e-04     4.540925262e-01     3.626009498e-01
142.1285511587998087     5.462541581e+02     -2.038306649e+02     -7.731214331e-01     4.381897186e+00     1.292502092e-01     -2.353434978e-04     6.099999994e-01     -5.635969744e-01
147.5950338899999963     5.635750200e+02     -2.197412225e+02     -7.758759919e-01     4.218737725e+00     1.416556141e-01     -7.724558213e-04     6.099999999e-01     -1.526238010e+00
153.0615166212001839     5.798752004e+02     -2.348036530e+02     -7.802841066e-01     3.897164421e+00     1.184648839e-01     -8.403233085e-04     6.099999999e-01     -2.148850756e+00
158.5279993687998115     5.944975542e+02     -2.486193924e+02     -7.839895382e-01     3.460702010e+00     6.540791948e-02     -5.153680249e-04     6.099999999e-01     -2.350000000e+00
163.9944820999999990     6.071197612e+02     -2.609699296e+02     -7.853981634e-01     3.000000000e+00     0.000000000e+00     0.000000000e+00     6.099999998e-01     -2.350000000e+00
