03 0
31 0
0.0000000000000000     0.000000000e+00     0.000000000e+00     0.000000000e+00     3.000000000e+00     0.000000000e+00     0.000000000e+00     0.000000000e+00     6.024201667e-01
19.9956645413337633     6.062036613e+01     1.760923030e-01     -4.600563706e-03     3.063237535e+00     3.170595362e-02     -4.601561163e-04     2.515145078e-01     9.427475544e-01
39.9913290886662267     1.235993472e+02     8.250345198e-01     -2.857541357e-02     3.233240277e+00     1.397308936e-01     -1.937848691e-03     4.878117699e-01     1.194828435e+00
59.9869936300000006     1.904469104e+02     1.310404003e+00     -8.779130369e-02     3.436895576e+00     3.037641849e-01     -3.985024236e-03     5.898269145e-01     1.286540958e+00
79.9826581533376526     2.609092609e+02     -7.320812541e-01     -1.838098022e-01     3.574437318e+00     4.554504530e-01     -5.618907484e-03     6.100000000e-01     1.210730287e+00
99.9783227366623208     3.327791903e+02     -8.278332369e+00     -3.037558956e-01     3.590963322e+00     5.500157367e-01     -6.378302526e-03     6.099999913e-01     1.029595639e+00
119.9739872600000012     4.028798233e+02     -2.307018353e+01     -4.317851329e-01     3.495876502e+00     5.865724088e-01     -6.427397127e-03     6.096390298e-01     8.113519780e-01
139.9696517833376674     4.684204201e+02     -4.501007966e+01     -5.570978793e-01     3.329364560e+00     5.844952404e-01     -6.106594536e-03     6.099999903e-01     6.019400490e-01
159.9653163666623072     5.277161650e+02     -7.277934014e+01     -6.753923182e-01     3.128214379e+00     5.669025905e-01     -5.725414213e-03     6.099999986e-01     4.317916780e-01
179.9609808899999734     5.801295167e+02     -1.047006971e+02     -7.866457720e-01     2.916909564e+00     5.460524439e-01     -5.402343357e-03     6.099999831e-01     3.032533067e-01
199.9566454133376396     6.256810963e+02     -1.392960798e+02     -8.916422602e-01     2.710722456e+00     5.228802945e-01     -5.099581996e-03     6.099999976e-01     2.079329831e-01
219.9523099966623079     6.647371047e+02     -1.754239629e+02     -9.906646181e-01     2.517862875e+00     4.982911890e-01     -4.804800797e-03     6.031180337e-01     1.380658671e-01
239.9479745200000025     6.978386983e+02     -2.122411320e+02     -1.083700180e+00     2.343236005e+00     4.721143277e-01     -4.500772615e-03     5.697174831e-01     8.853324299e-02
259.9436390433376687     7.255926599e+02     -2.491682087e+02     -1.170336347e+00     2.189888474e+00     4.433825699e-01     -4.164722469e-03     4.986982673e-01     5.465994639e-02
279.9393036266623085     7.486083045e+02     -2.858342213e+02     -1.249822294e+00     2.058608735e+00     4.115985274e-01     -3.785595691e-03     3.979369411e-01     3.234501952e-02
299.9349681499999747     7.674682881e+02     -3.220091217e+02     -1.321337762e+00     1.948054046e+00     3.770954213e-01     -3.367501640e-03     2.764894090e-01     1.764407412e-02
319.9306326733376409     7.827182325e+02     -3.575502482e+02     -1.384228297e+00     1.855620110e+00     3.406854969e-01     -2.922915500e-03     1.446171110e-01     6.956800518e-03
339.9262972566622807     7.948431760e+02     -3.923740417e+02     -1.437841996e+00     1.778463827e+00     3.006845168e-01     -2.439616848e-03     1.278297800e-02     -3.184623488e-05
359.9219617799999469     8.042713108e+02     -4.264376550e+02     -1.481525444e+00     1.713968628e+00     2.574494162e-01     -1.929675057e-03     -1.090661987e-01     -2.035556258e-03
379.9176263033376131     8.114349420e+02     -4.597217389e+02     -1.515314279e+00     1.659447882e+00     2.155992556e-01     -1.449941097e-03     -2.120097584e-01     -1.288504479e-04
399.9132908866622529     8.167991513e+02     -4.922236399e+02     -1.540397579e+00     1.612181916e+00     1.803299412e-01     -1.058932792e-03     -2.887718547e-01     5.846682624e-03
419.9089554099999191     8.207946368e+02     -5.239576581e+02     -1.558471044e+00     1.570114674e+00     1.510476416e-01     -7.488055571e-04     -3.340880380e-01     1.755897770e-02
439.9046199333375853     8.237412509e+02     -5.549566084e+02     -1.570769309e+00     1.532436758e+00     1.242961124e-01     -4.812875951e-04     -3.450967645e-01     3.888767459e-02
459.9002845166623388     8.258787495e+02     -5.852796967e+02     -1.578206060e+00     1.499828839e+00     1.005746825e-01     -2.625486767e-04     -3.219620493e-01     7.874643202e-02
479.8959490400000050     8.274140974e+02     -6.150377302e+02     -1.581807798e+00     1.475120272e+00     8.035717484e-02     -9.770320550e-05     -2.686287691e-01     1.527074426e-01
499.8916135633376712     8.285164293e+02     -6.444693686e+02     -1.582603032e+00     1.467239150e+00     6.347497911e-02     1.816255649e-05     -1.934230289e-01     3.141473429e-01
519.8872781466623110     8.292798843e+02     -6.743368350e+02     -1.580910218e+00     1.519124636e+00     4.558068557e-02     1.511555589e-04     -1.093944210e-01     6.882066727e-01
539.8829426699999203     8.297174434e+02     -7.075005915e+02     -1.576016540e+00     1.797491544e+00     2.293460730e-02     3.383183109e-04     -3.069643102e-02     1.372120421e+00
559.8786071933376434     8.300189417e+02     -7.506513791e+02     -1.570083836e+00     2.518438774e+00     1.481095896e-02     2.550807066e-04     3.846038843e-02     2.010282066e+00
579.8742717766623400     8.305449616e+02     -8.071461273e+02     -1.569164954e+00     3.132326722e+00     3.089812373e-02     -1.631726097e-04     9.408442680e-02     1.155513478e+00
599.8699362999999494     8.309049643e+02     -8.684555556e+02     -1.570796327e+00     3.000000000e+00     0.000000000e+00     0.000000000e+00     1.233973941e-01     -1.240446133e+00
