06 0
31 0
0.0000000000000000     0.000000000e+00     0.000000000e+00     0.000000000e+00     3.000000000e+00     0.000000000e+00     0.000000000e+00     0.000000000e+00     6.024201667e-01
7.5772157025756117     2.334320450e+01     -2.607277032e-01     4.936693917e-03     3.161041822e+00     -8.442492917e-02     1.303036395e-03     -6.100000000e-01     2.041413973e+00
15.1544314074243882     4.870979824e+01     -1.218171582e+00     2.540555461e-02     3.528259986e+00     -2.736137306e-01     4.099702948e-03     -6.100000000e-01     2.350000000e+00
22.7316471100000008     7.702588678e+01     -2.714961117e+00     6.677021204e-02     3.917067522e+00     -4.735831415e-01     6.818465161e-03     -6.100000000e-01     2.350000000e+00
30.3088628057561174     1.082027381e+02     -3.915419446e+00     1.263334460e-01     4.241670044e+00     -6.452642175e-01     8.903202608e-03     -6.100000000e-01     2.268867317e+00
37.8860785242438780     1.415133584e+02     -3.838617959e+00     1.981402200e-01     4.439829979e+00     -7.629384085e-01     1.005013773e-02     -6.100000000e-01     1.891261249e+00
45.4632942200000016     1.758284323e+02     -1.727851272e+00     2.753067710e-01     4.500000000e+00     -8.231041474e-01     1.031791142e-02     -6.100000000e-01     1.591064212e+00
53.0405099157561182     2.101998430e+02     2.763446942e+00     3.532358552e-01     4.500000000e+00     -8.552210602e-01     1.025140778e-02     -6.100000000e-01     1.545482004e+00
60.6177256342438824     2.441899572e+02     9.703178593e+00     4.307003241e-01     4.496754751e+00     -8.803860814e-01     1.019527658e-02     -6.100000000e-01     1.589006297e+00
68.1949413299999918     2.776231479e+02     1.908858376e+01     5.079522778e-01     4.500000000e+00     -9.029263371e-01     1.019531455e-02     -6.100000000e-01     1.612561651e+00
75.7721570257561154     3.103212061e+02     3.090217782e+01     5.851837349e-01     4.500000000e+00     -9.203622762e-01     1.018986653e-02     -6.100000000e-01     1.584278838e+00
83.3493727442438797     3.419995497e+02     4.512534523e+01     6.610275169e-01     4.487706706e+00     -9.112412813e-01     9.829038839e-03     -4.390531575e-01     1.437122759e+00
90.9265884400000033     3.722495408e+02     6.175897212e+01     7.305522209e-01     4.462964656e+00     -8.370637032e-01     8.521950951e-03     1.542839872e-02     1.212813933e+00
98.5038041357561269     4.006602006e+02     8.061870746e+01     7.876066690e-01     4.410630426e+00     -7.118718761e-01     6.537524788e-03     4.610430433e-01     9.107136020e-01
106.0810198542438911     4.270267029e+02     1.011170973e+02     8.301794710e-01     4.312741045e+00     -5.867507038e-01     4.699532104e-03     6.099994817e-01     4.854939056e-01
113.6582355500000006     4.514024150e+02     1.225094642e+02     8.602054181e-01     4.183479348e+00     -4.777143533e-01     3.225792537e-03     6.099999985e-01     7.054174996e-02
121.2354512457561100     4.740422052e+02     1.442566890e+02     8.804407969e-01     4.058249562e+00     -3.897584733e-01     2.115319445e-03     6.099999999e-01     -1.980440076e-01
128.8126669642438742     4.952999996e+02     1.660800665e+02     8.933247105e-01     3.952376782e+00     -3.191620394e-01     1.285379192e-03     6.099999997e-01     -2.981480685e-01
136.3898826599999836     5.154649733e+02     1.878424886e+02     9.003995889e-01     3.857843109e+00     -2.546477629e-01     5.820292782e-04     6.100000000e-01     -3.053431039e-01
143.9670983557561215     5.347340918e+02     2.094502505e+02     9.025178191e-01     3.770715364e+00     -1.951825212e-01     -2.292411612e-05     6.099999999e-01     -2.992430747e-01
151.5443140742438857     5.532658212e+02     2.308268229e+02     9.003404968e-01     3.689110813e+00     -1.398329170e-01     -5.517783525e-04     6.100000000e-01     -2.900129830e-01
159.1215297699999951     5.711904576e+02     2.519106548e+02     8.943810238e-01     3.611611331e+00     -8.790515656e-02     -1.021219762e-03     6.099999991e-01     -2.723607790e-01
166.6987454657561045     5.886158143e+02     2.726497452e+02     8.850508351e-01     3.536940269e+00     -3.904144193e-02     -1.441476049e-03     6.100000000e-01     -2.324313790e-01
174.2759611842438972     6.056305670e+02     2.929949789e+02     8.727154560e-01     3.463367945e+00     6.564386151e-03     -1.814437352e-03     6.099999994e-01     -1.599880488e-01
181.8531768800000066     6.223055328e+02     3.128943856e+02     8.577401455e-01     3.389013192e+00     4.841584954e-02     -2.138283831e-03     6.100000000e-01     -7.431915364e-02
189.4303925757561160     6.387029331e+02     3.322972116e+02     8.405682416e-01     3.314846476e+00     8.503189407e-02     -2.394226403e-03     5.534416166e-01     -1.285486394e-02
197.0076082942438802     6.549176802e+02     3.511573373e+02     8.224297206e-01     3.247416134e+00     1.058872467e-01     -2.393421670e-03     6.199813529e-02     1.108687976e-02
204.5848239900000181     6.710864856e+02     3.694023024e+02     8.060919813e-01     3.184385409e+00     9.557904887e-02     -1.918911486e-03     -5.032926195e-01     1.346146202e-02
212.1620396857561275     6.872877535e+02     3.869640191e+02     7.942466241e-01     3.120502643e+00     6.485480800e-02     -1.207661030e-03     -6.100000000e-01     1.252034975e-02
219.7392554042438917     7.034877463e+02     4.038679500e+02     7.875347167e-01     3.058794693e+00     3.238444946e-02     -5.639415355e-04     -6.100000000e-01     1.246251844e-02
227.3164711000000011     7.196144883e+02     4.202032197e+02     7.853981634e-01     3.000000000e+00     0.000000000e+00     0.000000000e+00     -6.100000000e-01     1.219108944e-02
