07 0
31 0
0.0000000000000000     0.000000000e+00     0.000000000e+00     0.000000000e+00     3.000000000e+00     0.000000000e+00     0.000000000e+00     0.000000000e+00     6.024201667e-01     0.000000000e+00     5.169986415e-02     7.944926066e-03
23.3333333076666669     7.000485707e+01     3.360720129e-01     -9.626604300e-03     3.000000000e+00     5.768821242e-02     -8.251375123e-04     6.099999917e-01     6.878196742e-01     3.485455625e-01     5.858494795e-04     -6.249682737e-04
46.6666666223333308     1.400651560e+02     1.063742539e+00     -4.617570423e-02     3.000000000e+00     1.722270553e-01     -2.307642485e-03     6.099999268e-01     7.350440983e-01     3.866871142e-01     -5.858550444e-04     4.672776065e-03
69.9999999300000013     2.102642655e+02     7.235827015e-01     -1.136297323e-01     3.000000000e+00     2.792347091e-01     -3.474131351e-03     6.099999896e-01     8.005212521e-01     4.307569304e-01     5.858604289e-04     9.395514072e-04
93.3333332166666594     2.805554277e+02     -2.902597097e+00     -2.051733712e-01     3.000000000e+00     3.708967342e-01     -4.372466281e-03     6.099999834e-01     8.647191979e-01     4.819693322e-01     -5.858609556e-04     4.563129669e-03
116.6666665733333303     3.505866445e+02     -1.171250174e+01     -3.150059890e-01     3.000000000e+00     4.442864032e-01     -5.041758111e-03     6.099999892e-01     9.185627538e-01     5.401813757e-01     5.858614485e-04     5.203227027e-05
139.9999998600000026     4.196385083e+02     -2.719782716e+01     -4.382704767e-01     3.000000000e+00     5.001175474e-01     -5.523769415e-03     6.099999876e-01     9.598770795e-01     6.034613900e-01     -5.858615881e-04     3.489195644e-03
163.3333331466666607     4.866646015e+02     -5.037643175e+01     -5.710910176e-01     3.000000000e+00     5.410425246e-01     -5.860848392e-03     6.099999891e-01     9.900670170e-01     6.716125317e-01     5.858617229e-04     -9.014867077e-04
186.6666665033333459     5.503924770e+02     -8.177034252e+01     -7.105319001e-01     3.000000000e+00     5.702655348e-01     -6.091227260e-03     6.099999886e-01     1.011353649e+00     7.427618375e-01     -5.858617684e-04     2.726055128e-03
209.9999997900000039     6.094423273e+02     -1.214277018e+02     -8.544672913e-01     3.000000000e+00     5.907565163e-01     -6.246091996e-03     6.099999891e-01     1.026132698e+00     8.166098186e-01     5.858618106e-04     -1.459279461e-03
233.3333330766666620     6.624354927e+02     -1.689731324e+02     -1.001410448e+00     3.000000000e+00     6.049451650e-01     -6.349035765e-03     6.099999889e-01     1.036187062e+00     8.919989982e-01     -5.858618253e-04     2.321082058e-03
256.6666664333333188     7.080814319e+02     -2.236709350e+02     -1.150347398e+00     3.000000000e+00     6.146845108e-01     -6.416988469e-03     6.099999890e-01     1.043040200e+00     9.687148504e-01     5.858618339e-04     -1.733670159e-03
279.9999997200000053     7.452422449e+02     -2.844907753e+02     -1.300598409e+00     3.000000000e+00     6.213289889e-01     -6.461669642e-03     6.099999890e-01     1.047616190e+00     1.046163000e+00     -5.858618397e-04     2.125897810e-03
303.3333330066666917     7.729782185e+02     -3.501707271e+02     -1.451712887e+00     3.000000000e+00     6.258423364e-01     -6.490999930e-03     6.099999889e-01     1.050730593e+00     1.124227226e+00     5.858618318e-04     -1.858948945e-03
326.6666663633333201     7.905786081e+02     -4.192759600e+02     -1.603394142e+00     3.000000000e+00     6.288984102e-01     -6.510250525e-03     6.099999888e-01     1.052776573e+00     1.202626363e+00     -5.858618387e-04     2.034318613e-03
349.9999996500000066     7.975811040e+02     -4.902530603e+02     -1.755447519e+00     3.000000000e+00     6.309629038e-01     -6.522896082e-03     6.099999885e-01     1.054187356e+00     1.281304128e+00     5.858618125e-04     -1.913394346e-03
373.3333329366666931     7.937823677e+02     -5.614805540e+02     -1.907745480e+00     3.000000000e+00     6.323550945e-01     -6.531214843e-03     6.099999883e-01     1.055090076e+00     1.360132123e+00     -5.858618257e-04     1.990770336e-03
396.6666662933333214     7.792411369e+02     -6.313161997e+02     -2.060204449e+00     3.000000000e+00     6.332926521e-01     -6.536696869e-03     6.099999875e-01     1.055734918e+00     1.439084326e+00     5.858617524e-04     -1.935498150e-03
419.9999995800000079     7.542748043e+02     -6.981413842e+02     -2.212769603e+00     3.000000000e+00     6.339233803e-01     -6.540316265e-03     6.099999872e-01     1.056125141e+00     1.518102931e+00     -5.858617717e-04     1.968945859e-03
443.3333328666666375     7.194500467e+02     -7.604026744e+02     -2.365404912e+00     3.000000000e+00     6.343473435e-01     -6.542710315e-03     6.099999843e-01     1.056427171e+00     1.597176132e+00     5.858615182e-04     -1.943057554e-03
466.6666662233333227     6.755679310e+02     -8.166503402e+02     -2.518086660e+00     3.000000000e+00     6.346321371e-01     -6.544296632e-03     6.099999846e-01     1.056588184e+00     1.676278036e+00     -5.858614921e-04     1.956858633e-03
489.9999995099999524     6.236439021e+02     -8.655734953e+02     -2.670799196e+00     3.000000000e+00     6.348233406e-01     -6.545349356e-03     6.099999539e-01     1.056736913e+00     1.755403326e+00     5.858588640e-04     -1.944110407e-03
513.3333327966665820     5.648830995e+02     -9.060313990e+02     -2.823532173e+00     3.000000000e+00     6.349516377e-01     -6.546048695e-03     6.099998354e-01     1.056795363e+00     1.834540416e+00     -5.858690247e-04     1.949120358e-03
536.6666661533333809     5.006560690e+02     -9.370154386e+02     -2.974202769e+00     3.000000000e+00     6.233803888e-01     -6.368573771e-03     5.285972579e-01     1.020311065e+00     1.918320865e+00     -6.391494762e-03     -5.076345907e-03
559.9999994400000105     4.325911585e+02     -9.574600780e+02     -3.107386348e+00     3.000000000e+00     5.356168326e-01     -5.047161616e-03     -7.427785086e-03     8.493268726e-01     2.181005608e+00     -3.955350897e-02     -9.579441990e-03
583.3333327266667538     3.626466228e+02     -9.672086418e+02     -3.196294451e+00     3.000000000e+00     3.622541781e-01     -2.573532959e-03     -6.099999885e-01     7.811321909e-01     2.439532993e+00     -1.209553709e-02     3.734183551e-03
606.6666660833333253     2.924114844e+02     -9.685820466e+02     -3.230863914e+00     3.000000000e+00     1.882394342e-01     -3.895638563e-04     -6.099997169e-01     6.892399580e-01     2.529007218e+00     1.209556036e-02     -1.161066066e-02
629.9999993700000687     2.224307911e+02     -9.653016465e+02     -3.221965037e+00     3.000000000e+00     3.977724114e-02     1.152324733e-03     -6.099999906e-01     6.787630456e-01     2.625012815e+00     -1.209558382e-02     1.071263960e-02
653.3333326566666983     1.525746515e+02     -9.606506119e+02     -3.186415008e+00     3.000000000e+00     -6.309262199e-02     1.894820634e-03     -2.327391746e-01     6.326565939e-01     2.941019606e+00     4.443222523e-02     -1.466462117e-02
676.6666660133333835     8.265128025e+01     -9.574003996e+02     -3.152950710e+00     3.000000000e+00     -4.706793062e-02     9.735477355e-04     5.263609039e-01     6.628629661e-01     3.310222811e+00     2.063349585e-02     1.725373880e-02
699.9999993000000131     1.265977477e+01     -9.564537857e+02     -3.141592654e+00     3.000000000e+00     0.000000000e+00     0.000000000e+00     0.000000000e+00     6.024201667e-01     3.985782596e+00     -6.575014480e-02     -2.243455018e-02
