06 0
31 0
0.0000000000000000     0.000000000e+00     0.000000000e+00     0.000000000e+00     3.000000000e+00     0.000000000e+00     0.000000000e+00     0.000000000e+00     6.024201667e-01     0.000000000e+00     -5.137869784e-02     7.325971500e-03
22.9005548943766080     6.870639218e+01     -3.365231950e-01     9.470237882e-03     3.000000000e+00     -5.780284089e-02     8.270749704e-04     -6.099999991e-01     6.878519482e-01     3.375387558e-01     -1.895120364e-03     1.351386712e-04
45.8011097956233826     1.374669408e+02     -1.084716070e+00     4.541116961e-02     3.000000000e+00     -1.723171469e-01     2.311794973e-03     -6.100000000e-01     7.351619117e-01     3.750103983e-01     1.895120288e-03     3.996635750e-03
68.7016646900000012     2.063662712e+02     -8.494505493e-01     1.119041231e-01     3.000000000e+00     -2.802656115e-01     3.495309156e-03     -6.099999972e-01     8.015297511e-01     4.186666767e-01     -1.895120047e-03     1.799541656e-03
91.6022195637660985     2.753705414e+02     2.513954158e+00     2.025660608e-01     3.000000000e+00     -3.739563346e-01     4.422572149e-03     -6.099999999e-01     8.676477698e-01     4.695974266e-01     1.895119810e-03     3.974817876e-03
114.5027745062338767     3.441554911e+02     1.086663272e+01     3.119126380e-01     3.000000000e+00     -4.501244792e-01     5.127115859e-03     -6.099999952e-01     9.240599644e-01     5.275241595e-01     -1.895119396e-03     9.518919676e-04
137.4033293800000024     4.120359837e+02     2.570177942e+01     4.352560417e-01     3.000000000e+00     -5.090051116e-01     5.644972780e-03     -6.099999999e-01     9.681000672e-01     5.909355053e-01     1.895118981e-03     2.894312017e-03
160.3038842537661139     4.779938943e+02     4.806784807e+01     5.687599256e-01     3.000000000e+00     -5.528599459e-01     6.014472555e-03     -6.099999926e-01     1.000823071e+00     6.593189313e-01     -1.895118343e-03     -3.647697963e-05
183.2044391962338636     5.407700917e+02     7.853214543e+01     7.094426430e-01     3.000000000e+00     -5.846650519e-01     6.271929933e-03     -6.100000000e-01     1.024277521e+00     7.310856356e-01     1.895117701e-03     2.084850921e-03
206.1049940699999752     5.989806686e+02     1.171887954e+02     8.550916728e-01     3.000000000e+00     -6.073028017e-01     6.448201128e-03     -6.099999891e-01     1.040811994e+00     8.057037063e-01     -1.895116752e-03     -6.408271393e-04
229.0055489437660867     6.512284320e+02     1.636990756e+02     1.004124299e+00     3.000000000e+00     -6.232054657e-01     6.567433376e-03     -6.100000000e-01     1.052236478e+00     8.821258215e-01     1.895115802e-03     1.638574523e-03
251.9061038862338648     6.961956281e+02     2.173493279e+02     1.155438435e+00     3.000000000e+00     -6.342744176e-01     6.647454769e-03     -6.099999842e-01     1.060130016e+00     9.599982430e-01     -1.895114420e-03     -9.491992812e-04
274.8066587600000048     7.327147284e+02     2.771152945e+02     1.308280955e+00     3.000000000e+00     -6.419288460e-01     6.700913482e-03     -6.100000000e-01     1.065482355e+00     1.038756601e+00     1.895113040e-03     1.416641128e-03
297.7072136337661163     7.598194406e+02     3.417264768e+02     1.462143587e+00     3.000000000e+00     -6.471973796e-01     6.736545351e-03     -6.099999771e-01     1.069166913e+00     1.118210035e+00     -1.895111045e-03     -1.094853441e-03
320.6077685762338660     7.767796351e+02     4.097276660e+02     1.616685973e+00     3.000000000e+00     -6.508113933e-01     6.760279226e-03     -6.100000000e-01     1.071628548e+00     1.198081325e+00     1.895109049e-03     1.309838170e-03
343.5083234499999776     7.831235822e+02     4.795368246e+02     1.771681206e+00     3.000000000e+00     -6.532842332e-01     6.776094384e-03     -6.099999803e-01     1.073338755e+00     1.278276596e+00     -1.895107333e-03     -1.160478731e-03
366.4088783237660891     7.786500258e+02     5.494993738e+02     1.926978326e+00     3.000000000e+00     -6.549730363e-01     6.786644185e-03     -6.099999999e-01     1.074457116e+00     1.358665188e+00     1.895105620e-03     1.258149819e-03
389.3094332662338388     7.634317893e+02     6.179391543e+02     2.082476930e+00     3.000000000e+00     -6.561246574e-01     6.793690882e-03     -6.099995686e-01     1.075255063e+00     1.439202724e+00     -1.895067949e-03     -1.188461875e-03
412.2099881399999504     7.378120082e+02     6.832062283e+02     2.238110210e+00     3.000000000e+00     -6.569091245e-01     6.798405980e-03     -6.099999999e-01     1.075755201e+00     1.519828690e+00     1.895030280e-03     1.232140994e-03
435.1105430137660619     7.023937158e+02     7.437214743e+02     2.393833675e+00     3.000000000e+00     -6.574430860e-01     6.801567098e-03     -6.099999984e-01     1.076134423e+00     1.600522513e+00     -1.895030143e-03     -1.199021903e-03
458.0110979562338116     6.580233367e+02     7.980177293e+02     2.549617633e+00     3.000000000e+00     -6.578062431e-01     6.803689025e-03     -6.100000000e-01     1.076350768e+00     1.681256374e+00     1.895030000e-03     1.217916135e-03
480.9116528299999231     6.057686072e+02     8.447770754e+02     2.705442220e+00     3.000000000e+00     -6.580530944e-01     6.805115445e-03     -6.099999868e-01     1.076537815e+00     1.762020766e+00     -1.895028845e-03     -1.201580474e-03
503.8122077037660347     5.468914643e+02     8.828637832e+02     2.861294134e+00     3.000000000e+00     -6.582208151e-01     6.806075611e-03     -6.099999999e-01     1.076624043e+00     1.842802921e+00     1.895027701e-03     1.209111047e-03
526.7127626462338412     4.828361226e+02     9.111648221e+02     3.011274167e+00     3.000000000e+00     -6.246333488e-01     6.292299868e-03     -3.792149166e-01     9.794716149e-01     1.965093074e+00     1.826038638e-02     -9.693833634e-03
549.6133175200000096     4.153968795e+02     9.287087522e+02     3.134481957e+00     3.000000000e+00     -5.016780022e-01     4.467945066e-03     2.092553272e-01     8.201694041e-01     2.197834593e+00     3.313314941e-02     -4.218686084e-03
572.5138723937660643     3.465652664e+02     9.360978831e+02     3.208708951e+00     3.000000000e+00     -3.242538794e-01     2.014604740e-03     6.099999997e-01     7.528872123e-01     2.368865673e+00     1.865537249e-03     -1.657345490e-03
595.4144273362338708     2.776647411e+02     9.362282940e+02     3.232800739e+00     3.000000000e+00     -1.629857420e-01     8.943063520e-05     6.099974274e-01     6.828168554e-01     2.407744244e+00     -1.865762243e-03     -4.462188051e-03
618.3149822099999255     2.090191925e+02     9.325554065e+02     3.218467063e+00     3.000000000e+00     -2.062538676e-02     -1.341249792e-03     6.099999997e-01     6.816674140e-01     2.444977365e+00     1.865987237e-03     4.361802592e-03
641.2155370837660939     1.404592173e+02     9.280155312e+02     3.182040613e+00     3.000000000e+00     6.539707436e-02     -1.840022436e-03     1.101532109e-01     6.224559385e-01     2.724485739e+00     -4.551967083e-02     -9.532985191e-03
664.1160920262339005     7.182210949e+01     9.250739469e+02     3.151282250e+00     3.000000000e+00     4.117992340e-02     -8.462324257e-04     -4.467540285e-01     6.457621653e-01     3.016216169e+00     -3.117337479e-03     1.156841419e-02
687.0166468999999552     3.126626138e+00     9.242696070e+02     3.141592654e+00     3.000000000e+00     0.000000000e+00     0.000000000e+00     0.000000000e+00     6.024201667e-01     3.289711533e+00     4.213421114e-02     -1.535364987e-02
