04 0
31 0
0.0000000000000000     0.000000000e+00     0.000000000e+00     0.000000000e+00     3.000000000e+00     0.000000000e+00     0.000000000e+00     0.000000000e+00     6.024201667e-01     0.000000000e+00     -3.144427974e-02     -5.096368929e-04
15.1794799118153847     4.553900720e+01     -1.420968055e-01     3.182187477e-03     3.000000000e+00     -2.826891265e-02     4.192749021e-04     -4.297317772e-01     6.429470779e-01     1.434404681e-01     -2.517581260e-02     5.849333829e-03
30.3589598281846165     9.108682845e+01     -6.272892481e-01     1.657312794e-02     3.000000000e+00     -9.493533541e-02     1.345072827e-03     -6.099999999e-01     6.995594480e-01     2.150485462e-01     1.424244854e-03     1.609732024e-03
45.5384397400000012     1.366691573e+02     -1.261352081e+00     4.415871928e-02     3.000000000e+00     -1.709366553e-01     2.289516961e-03     -6.067607251e-01     7.334777459e-01     2.394876414e-01     -9.974483101e-04     2.859235041e-03
60.7179196381538517     1.823175992e+02     -1.461312295e+00     8.509656542e-02     3.000000000e+00     -2.438733698e-01     3.104323457e-03     -6.099999999e-01     7.773332867e-01     2.668628854e-01     5.706517640e-04     2.919031547e-03
75.8973995818461447     2.280400775e+02     -5.903689740e-01     1.375354672e-01     3.000000000e+00     -3.114862861e-01     3.804859482e-03     -6.099997458e-01     8.227263012e-01     2.974407592e-01     -5.706182847e-04     3.061807684e-03
91.0768794800000023     2.737950739e+02     1.941046896e+00     1.997877794e-01     3.000000000e+00     -3.720144800e-01     4.397307188e-03     -6.099999999e-01     8.660056474e-01     3.312190185e-01     5.705848078e-04     2.640541336e-03
106.2563593781538600     3.194750317e+02     6.665502510e+00     2.702844814e-01     3.000000000e+00     -4.247266387e-01     4.891114085e-03     -6.099998306e-01     9.049358420e-01     3.679897889e-01     -5.705624992e-04     2.488777307e-03
121.4358393218461458     3.648998208e+02     1.404389635e+01     3.476066321e-01     3.000000000e+00     -4.695875568e-01     5.296606584e-03     -6.099999999e-01     9.384402634e-01     4.074888398e-01     5.705401889e-04     1.925658707e-03
136.6153192200000035     4.098190601e+02     2.445417161e+01     4.304982059e-01     3.000000000e+00     -5.070545807e-01     5.624923578e-03     -6.099999945e-01     9.665520000e-01     4.493833885e-01     -5.705394768e-04     1.778254303e-03
151.7947991181538612     4.539212715e+02     3.818353540e+01     5.178740831e-01     3.000000000e+00     -5.378756598e-01     5.887444134e-03     -6.100000000e-01     9.895673146e-01     4.933603176e-01     5.705387575e-04     1.254170352e-03
166.9742790618461470     4.968472947e+02     5.542493114e+01     6.088186432e-01     3.000000000e+00     -5.629252435e-01     6.095121880e-03     -6.099969954e-01     1.008213466e+00     5.390802353e-01     -5.701428754e-04     1.202587246e-03
182.1537589600000047     5.382055725e+02     7.627749588e+01     7.025754825e-01     3.000000000e+00     -5.830909498e-01     6.257981113e-03     -6.100000000e-01     1.023070610e+00     5.862592876e-01     5.697469930e-04     7.549428329e-04
197.3332388581538623     5.775874751e+02     1.007502163e+02     7.985309257e-01     3.000000000e+00     -5.992035117e-01     6.384802920e-03     -6.099990107e-01     1.034889946e+00     6.346183751e-01     -5.696166468e-04     8.023352854e-04
212.5127188018461482     6.145814876e+02     1.287678500e+02     8.961943604e-01     3.000000000e+00     -6.120013948e-01     6.483020652e-03     -6.099999999e-01     1.044154297e+00     6.839398538e-01     5.694863085e-04     4.183061602e-04
227.6921987000000058     6.487856690e+02     1.601782487e+02     9.951781768e-01     3.000000000e+00     -6.221191611e-01     6.558772210e-03     -6.099997017e-01     1.051460307e+00     7.340221138e-01     -5.694470182e-04     5.443104072e-04
242.8716785981538635     6.798181865e+02     1.947604157e+02     1.095179001e+00     3.000000000e+00     -6.300884964e-01     6.617018316e-03     -6.100000000e-01     1.057123056e+00     7.847146601e-01     5.694077259e-04     2.017953880e-04
258.0511585418461209     7.073247004e+02     2.322331684e+02     1.195929578e+00     3.000000000e+00     -6.360797025e-01     6.657557304e-03     -6.073574085e-01     1.060450410e+00     8.358003754e-01     -2.212282766e-04     2.366062236e-04
273.2306384400000070     7.309880477e+02     2.722621307e+02     1.297224807e+00     3.000000000e+00     -6.407669213e-01     6.688779929e-03     -6.099999999e-01     1.064523226e+00     8.872239360e-01     -1.269511626e-04     3.000150322e-04
288.4101183381538362     7.504756959e+02     3.144714271e+02     1.397524769e+00     3.000000000e+00     -6.324293310e-01     6.526424148e-03     -4.902878876e-01     1.018984402e+00     9.588758987e-01     1.589983838e-02     -6.300065589e-03
303.5895982818461221     7.653658578e+02     3.584143065e+02     1.490765177e+00     3.000000000e+00     -5.837347094e-01     5.758635510e-03     -1.761597499e-01     9.078405936e-01     1.078075831e+00     2.548868608e-02     -8.343889186e-03
318.7690781800000082     7.753912379e+02     4.035130376e+02     1.567426635e+00     3.000000000e+00     -4.891023872e-01     4.342034360e-03     1.988998570e-01     8.105174574e-01     1.211369715e+00     2.392797495e-02     -4.479097725e-03
333.9485580781538374     7.808724189e+02     4.491526803e+02     1.621029922e+00     3.000000000e+00     -3.740836082e-01     2.720564297e-03     4.897458976e-01     7.587598156e-01     1.300552319e+00     1.439297441e-02     -2.340324559e-03
349.1280380218461801     7.827172615e+02     4.948914509e+02     1.651401475e+00     3.000000000e+00     -2.625022610e-01     1.281094984e-03     6.007375061e-01     7.160906785e-01     1.342296489e+00     2.309269495e-04     -3.281625249e-03
364.3075179200000093     7.820157407e+02     5.405333296e+02     1.662024580e+00     3.000000000e+00     -1.614502326e-01     1.185715166e-04     6.034194431e-01     6.814068737e-01     1.365492799e+00     1.224365413e-04     -1.288202568e-03
379.4869978181538954     7.797221393e+02     5.860488885e+02     1.656441698e+00     3.000000000e+00     -6.719722388e-02     -8.541543018e-04     6.099999998e-01     6.762574099e-01     1.386675191e+00     7.445967020e-04     6.097255880e-04
394.6664777618461812     7.766286532e+02     6.314877415e+02     1.637633663e+00     3.000000000e+00     1.759321973e-02     -1.623932641e-03     4.902323452e-01     6.617144247e-01     1.428337723e+00     -1.652480201e-02     -2.525863068e-03
409.8459576600000105     7.735356700e+02     6.769268534e+02     1.611188360e+00     3.000000000e+00     6.851767797e-02     -1.860416355e-03     1.306799965e-01     6.245587040e-01     1.541051946e+00     -3.084867202e-02     -2.369656524e-03
425.0254375581538966     7.712481219e+02     7.224149037e+02     1.587121089e+00     3.000000000e+00     6.283137593e-02     -1.310610730e-03     -2.978846989e-01     6.286316006e-01     1.682034528e+00     -2.561764932e-02     2.906288422e-03
440.2049175018461824     7.701567368e+02     7.679418663e+02     1.573985111e+00     3.000000000e+00     2.243609883e-02     -4.201440031e-04     -3.492905474e-01     6.276171035e-01     1.778105016e+00     1.884457820e-02     -3.039955335e-03
455.3843974000000117     7.699138475e+02     8.134796472e+02     1.570796327e+00     3.000000000e+00     0.000000000e+00     0.000000000e+00     0.000000000e+00     6.024201667e-01     1.879053268e+00     2.717683351e-02     -2.799129276e-04
