06 0
31 0
0.0000000000000000     0.000000000e+00     0.000000000e+00     0.000000000e+00     3.000000000e+00     0.000000000e+00     0.000000000e+00     0.000000000e+00     6.024201667e-01     0.000000000e+00     1.924626580e-02     -1.483288013e-03
16.2192945050447364     4.865840013e+01     1.322400702e-01     -3.050595170e-03     3.000000000e+00     2.545840300e-02     -3.761686636e-04     3.658043727e-01     6.319759971e-01     1.051333131e-01     2.586104420e-02     5.127815270e-03
32.4385890149552623     9.732563366e+01     5.992898638e-01     -1.649508429e-02     3.000000000e+00     9.078072084e-02     -1.281670291e-03     5.979151428e-01     6.948867878e-01     1.841457944e-01     2.760517608e-03     2.629709650e-03
48.6578835200000057     1.460297941e+02     1.209348792e+00     -4.528715827e-02     3.000000000e+00     1.699302257e-01     -2.268678212e-03     6.100000000e-01     7.335814397e-01     2.106675344e-01     -1.270334759e-03     2.141725004e-03
64.8771780104473663     1.948059330e+02     1.308607658e+00     -8.892133105e-02     3.000000000e+00     2.456818898e-01     -3.111848390e-03     6.058469679e-01     7.770524247e-01     2.398396544e-01     7.582246825e-04     3.218678926e-03
81.0964725495526295     2.436580513e+02     1.400118495e-01     -1.451358385e-01     3.000000000e+00     3.147920563e-01     -3.819958342e-03     6.100000000e-01     8.244723486e-01     2.725194897e-01     -2.461146054e-04     2.628668364e-03
97.3157670400000114     2.925262963e+02     -2.988991715e+00     -2.118767526e-01     3.000000000e+00     3.758508610e-01     -4.409858820e-03     6.099986446e-01     8.680046952e-01     3.085661238e-01     2.459474691e-04     2.739302056e-03
113.5350615304473791     3.412673883e+02     -8.690841182e+00     -2.872912104e-01     3.000000000e+00     4.279505275e-01     -4.889492367e-03     6.100000000e-01     9.062606204e-01     3.478135262e-01     -2.457803328e-04     1.978033236e-03
129.7543560695526423     3.896488221e+02     -1.748344598e+01     -3.697057856e-01     3.000000000e+00     4.713079729e-01     -5.273042774e-03     6.099968604e-01     9.383669924e-01     3.898628488e-01     2.453931849e-04     1.981001120e-03
145.9736505600000100     4.373556708e+02     -2.977472382e+01     -4.576809239e-01     3.000000000e+00     5.066774775e-01     -5.575164986e-03     6.100000000e-01     9.646260922e-01     4.343795823e-01     -2.450060373e-04     1.257006518e-03
162.1929450504473778     4.840053247e+02     -4.585615398e+01     -5.500112076e-01     3.000000000e+00     5.350815970e-01     -5.810075444e-03     6.099944921e-01     9.855697848e-01     4.809299537e-01     2.443268554e-04     1.325558657e-03
178.4122395895526267     5.291664156e+02     -6.590217517e+01     -6.457120455e-01     3.000000000e+00     5.576157082e-01     -5.990787764e-03     6.100000000e-01     1.002117059e+00     5.291874758e-01     -2.436476724e-04     7.148845090e-04
194.6315340800000229     5.723786693e+02     -8.997442932e+01     -7.439954005e-01     3.000000000e+00     5.753183751e-01     -6.128525426e-03     6.099264814e-01     1.014933822e+00     5.787920315e-01     2.345821004e-04     8.655495810e-04
210.8508285704473906     6.131716516e+02     -1.180293002e+02     -8.442422317e-01     3.000000000e+00     5.891296462e-01     -6.232903890e-03     6.100000000e-01     1.024928358e+00     6.294903266e-01     -2.255165325e-04     3.668758500e-04
227.0701231095526396     6.510790074e+02     -1.499287212e+02     -9.459121660e-01     3.000000000e+00     5.993533397e-01     -6.304008149e-03     6.050447108e-01     1.030479907e+00     6.809172572e-01     -3.855198054e-04     3.176853438e-04
243.2894176000000073     6.856567601e+02     -1.854469826e+02     -1.048594539e+00     3.000000000e+00     6.072378066e-01     -6.357747671e-03     6.100000000e-01     1.037558682e+00     7.330684504e-01     9.965561607e-04     5.551978556e-04
259.5087120904473750     7.164988941e+02     -2.242808652e+02     -1.152100919e+00     3.000000000e+00     6.137764221e-01     -6.405616312e-03     6.097910112e-01     1.042131362e+00     7.858716882e-01     -1.022326659e-03     8.658970333e-06
275.7280066295526240     7.432030232e+02     -2.660741247e+02     -1.255450167e+00     3.000000000e+00     6.121688638e-01     -6.338371733e-03     5.455657585e-01     1.019245293e+00     8.421607872e-01     -6.897284398e-03     -2.830738420e-03
291.9473011200000201     7.653417674e+02     -3.104067937e+02     -1.355179508e+00     3.000000000e+00     5.893034415e-01     -5.959245920e-03     3.990048202e-01     9.573618669e-01     9.062376264e-01     -1.117513402e-02     -4.800102298e-03
308.1665956104473594     7.825860299e+02     -3.567428836e+02     -1.445542001e+00     3.000000000e+00     5.383168237e-01     -5.183346397e-03     2.011041745e-01     8.731363968e-01     9.758003277e-01     -1.322797989e-02     -5.585734165e-03
324.3858901495526084     7.949275509e+02     -4.044468869e+02     -1.520901603e+00     3.000000000e+00     4.639064596e-01     -4.109240507e-03     -1.243866499e-02     7.902472854e-01     1.041929432e+00     -1.310397177e-02     -4.635316000e-03
340.6051846400000045     8.027780552e+02     -4.529078170e+02     -1.577862299e+00     3.000000000e+00     3.763010332e-01     -2.914578679e-03     -2.083922645e-01     7.254389246e-01     1.096425665e+00     -1.105905202e-02     -3.356198150e-03
356.8244791304473438     8.068708316e+02     -5.016656390e+02     -1.615667893e+00     3.000000000e+00     2.844418850e-01     -1.747226286e-03     -3.587976819e-01     6.829620681e-01     1.136242284e+00     -7.487428808e-03     -1.881619868e-03
373.0437736695526496     8.080812002e+02     -5.504532608e+02     -1.635446236e+00     3.000000000e+00     1.938840984e-01     -6.916397369e-04     -4.423184137e-01     6.578105906e-01     1.163712916e+00     -2.811506418e-03     -1.219806954e-03
389.2630681600000457     8.072894723e+02     -5.991650515e+02     -1.639401769e+00     3.000000000e+00     1.086181119e-01     2.038831863e-04     -4.445710686e-01     6.416480036e-01     1.185587734e+00     2.533731712e-03     -7.732004399e-04
405.4823626504473850     8.053242038e+02     -6.477992410e+02     -1.630643027e+00     3.000000000e+00     3.444982521e-02     8.761567501e-04     -3.599293048e-01     6.284304542e-01     1.210906614e+00     7.903437884e-03     -8.566545999e-04
421.7016571895526340     8.029536968e+02     -6.964014203e+02     -1.613687009e+00     3.000000000e+00     -1.864679913e-02     1.214688552e-03     -1.976831777e-01     6.160015135e-01     1.246788188e+00     1.210311998e-02     -6.759571498e-04
437.9209516800000301     8.008469504e+02     -7.450155981e+02     -1.594649985e+00     3.000000000e+00     -4.097795947e-02     1.132765383e-03     6.211614375e-03     6.087513491e-01     1.290744079e+00     1.303913167e-02     -2.180600813e-04
454.1402461704473694     7.994504593e+02     -7.936552619e+02     -1.579802378e+00     3.000000000e+00     -3.266425565e-02     6.980920043e-04     1.727123971e-01     6.106207885e-01     1.327191233e+00     7.492067466e-03     4.485805110e-04
470.3595407095526753     7.988379995e+02     -8.423095923e+02     -1.572468712e+00     3.000000000e+00     -1.082451423e-02     2.062217313e-04     1.592177363e-01     6.076627416e-01     1.356666669e+00     -9.156093087e-03     -8.133370496e-04
486.5788352000000145     7.987095293e+02     -8.909672950e+02     -1.570796327e+00     3.000000000e+00     0.000000000e+00     0.000000000e+00     0.000000000e+00     6.024201667e-01     1.390235813e+00     -1.047703414e-02     1.668755205e-04
