09 0
31 0
0.0000000000000000     2.496391144e-10     7.739165105e-11     0.000000000e+00     3.000000000e+00     0.000000000e+00     0.000000000e+00     0.000000000e+00     6.024201667e-01     0.000000000e+00     -1.781572374e-02     -7.849558222e-04
9.9998255290000166     2.999951387e+01     -4.052037922e-02     8.011674617e-04     3.000000000e+00     -1.050772275e-02     1.602362880e-04     -2.346327687e-01     6.141731446e-01     6.986737163e-02     -2.911164874e-02     3.135592414e-03
19.9996510609999838     5.999981468e+01     -2.161768600e-01     4.632383478e-03     3.000000000e+00     -4.092523168e-02     6.060202842e-04     -4.646089330e-01     6.515912007e-01     1.399582922e-01     -1.688438661e-02     4.348149386e-03
29.9994765900000004     9.000451580e+01     -5.711188640e-01     1.374297105e-02     3.000000000e+00     -8.519760833e-02     1.216129020e-03     -5.793384533e-01     6.885280829e-01     1.709360543e-01     -6.061917810e-03     3.039355941e-03
39.9993021100001727     1.200216691e+02     -1.028063322e+00     2.907515858e-02     3.000000000e+00     -1.346986560e-01     1.850361988e-03     -6.099999315e-01     7.160900774e-01     1.883438852e-01     -7.048481409e-05     2.473139142e-03
49.9991276599998216     1.500618384e+02     -1.428765924e+00     5.054297965e-02     3.000000000e+00     -1.845133971e-01     2.443277136e-03     -6.099985983e-01     7.416475757e-01     2.049403779e-01     7.075145696e-05     2.638449697e-03
59.9989531800000009     1.801338392e+02     -1.588715703e+00     7.766476845e-02     3.000000000e+00     -2.327388462e-01     2.981175264e-03     -6.099999054e-01     7.702102402e-01     2.229101418e-01     -7.101287367e-05     3.074182861e-03
69.9987787000001731     2.102407134e+02     -1.324784938e+00     1.099071774e-01     3.000000000e+00     -2.786753565e-01     3.467419030e-03     -6.099999210e-01     8.001171144e-01     2.423066244e-01     7.100974488e-05     2.907296346e-03
79.9986042499998291     2.403765464e+02     -4.625228763e-01     1.467674522e-01     3.000000000e+00     -3.217916992e-01     3.904764568e-03     -6.099981520e-01     8.298288894e-01     2.631220428e-01     -7.065594042e-05     3.035162324e-03
89.9984297700000013     2.705240093e+02     1.162590265e+00     1.877695609e-01     3.000000000e+00     -3.617253288e-01     4.295800246e-03     -6.099999663e-01     8.584542727e-01     2.853279673e-01     7.029307713e-05     2.690014220e-03
99.9982552900001735     3.006520445e+02     3.706017655e+00     2.324120061e-01     3.000000000e+00     -3.976090176e-01     4.632844554e-03     -5.973457451e-01     8.809690465e-01     3.088524441e-01     2.460595319e-03     1.813019113e-03
109.9980808399998153     3.307116785e+02     7.320488797e+00     2.799665159e-01     3.000000000e+00     -4.267359269e-01     4.878223363e-03     -5.491683277e-01     8.883069189e-01     3.353770317e-01     7.175056287e-03     -3.454190292e-04
119.9979063600000018     3.606301685e+02     1.215956864e+01     3.292069900e-01     3.000000000e+00     -4.447799570e-01     4.970043262e-03     -4.587593220e-01     8.760934660e-01     3.674740778e-01     1.090706032e-02     -2.097314161e-03
129.9977318800001740     3.903097802e+02     1.836334487e+01     3.783529834e-01     3.000000000e+00     -4.480676118e-01     4.859326922e-03     -3.364917368e-01     8.477968197e-01     4.057463679e-01     1.354688337e-02     -3.562113837e-03
139.9975574299998300     4.196376291e+02     2.602875730e+01     4.253312549e-01     3.000000000e+00     -4.353398824e-01     4.536491296e-03     -1.936561517e-01     8.097738775e-01     4.482716122e-01     1.502073207e-02     -4.042607295e-03
149.9973829500000022     4.485051326e+02     3.518382776e+01     4.681679870e-01     3.000000000e+00     -4.079196582e-01     4.031004600e-03     -4.197085256e-02     7.696545373e-01     4.916135199e-01     1.531685705e-02     -3.981400743e-03
159.9972084700001744     4.768292248e+02     4.577944485e+01     5.053048974e-01     3.000000000e+00     -3.688946985e-01     3.396507080e-03     1.070546515e-01     7.335702467e-01     5.321127614e-01     1.448876378e-02     -3.235583292e-03
169.9970340199998304     5.045669530e+02     5.769963310e+01     5.357467706e-01     3.000000000e+00     -3.219033215e-01     2.691973789e-03     2.427344230e-01     7.051699198e-01     5.669596350e-01     1.264766397e-02     -2.444581178e-03
179.9968595400000027     5.317194289e+02     7.078292785e+01     5.590471204e-01     3.000000000e+00     -2.702183425e-01     1.968177465e-03     3.557087771e-01     6.848649966e-01     5.948290758e-01     9.947601079e-03     -1.616474314e-03
189.9966850600001749     5.583267453e+02     8.484523895e+01     5.751978122e-01     3.000000000e+00     -2.163624113e-01     1.262017258e-03     4.382493843e-01     6.710503596e-01     6.159152591e-01     6.560808381e-03     -1.146501298e-03
199.9965106099998309     5.844583535e+02     9.969767330e+01     5.844972876e-01     3.000000000e+00     -1.621816986e-01     5.979102628e-04     4.843380058e-01     6.608412982e-01     6.318312972e-01     2.657076747e-03     -8.953466059e-04
209.9963361300000031     6.102032068e+02     1.151568873e+02     5.874569830e-01     3.000000000e+00     -1.092377926e-01     -5.960857394e-06     4.896659795e-01     6.518459011e-01     6.453158388e-01     -1.591463424e-03     -9.037642104e-04
219.9961616500001753     6.356621425e+02     1.310484044e+02     5.847825775e-01     3.000000000e+00     -5.937578139e-02     -5.289295745e-04     4.518966182e-01     6.423328784e-01     6.598729632e-01     -5.962540620e-03     -9.988735170e-04
229.9959871999998313     6.609428208e+02     1.472048826e+02     5.774432391e-01     3.000000000e+00     -1.532879365e-02     -9.389637080e-04     3.715198237e-01     6.319835845e-01     6.790511248e-01     -1.011309875e-02     -1.071021378e-03
239.9958127200000035     6.861551540e+02     1.634633201e+02     5.667875382e-01     3.000000000e+00     1.915889430e-02     -1.192213656e-03     2.533555155e-01     6.213655897e-01     7.051993947e-01     -1.352017523e-02     -1.052614637e-03
249.9956382400001758     7.114030734e+02     1.796684291e+02     5.545680896e-01     3.000000000e+00     4.047946668e-02     -1.251718702e-03     1.085603005e-01     6.128377087e-01     7.377589941e-01     -1.543937303e-02     -6.529913126e-04
259.9954637899998602     7.367713156e+02     1.956869019e+02     5.427517709e-01     3.000000000e+00     4.686077209e-02     -1.111586279e-03     -4.303844430e-02     6.093115860e-01     7.719730921e-01     -1.488090493e-02     -5.224553598e-05
269.9952893100000324     7.623121016e+02     2.114283040e+02     5.331458758e-01     3.000000000e+00     3.946851850e-02     -8.096262514e-04     -1.703837915e-01     6.115087067e-01     7.998408808e-01     -1.058860887e-02     4.916773534e-04
279.9951148300002046     7.880369426e+02     2.268644540e+02     5.269419980e-01     3.000000000e+00     2.300017085e-02     -4.311709664e-04     -2.279727188e-01     6.135744940e-01     8.167583485e-01     -9.293775367e-04     -7.851268883e-05
289.9949403799998322     8.139130687e+02     2.420436603e+02     5.241924782e-01     3.000000000e+00     6.692970558e-03     -1.187425860e-04     -1.505182343e-01     6.070339454e-01     8.415331823e-01     1.642054470e-02     -1.229619868e-03
299.9947659000000044     8.398721732e+02     2.570800806e+02     5.235987756e-01     3.000000000e+00     0.000000000e+00     0.000000000e+00     0.000000000e+00     6.024201667e-01     8.754276984e-01     1.368362739e-02     3.068480294e-04
