03 0
31 0
0.0000000000000000     0.000000000e+00     0.000000000e+00     0.000000000e+00     3.000000000e+00     0.000000000e+00     0.000000000e+00     0.000000000e+00     6.024201667e-01     0.000000000e+00     -1.275703064e-01     -1.295150966e-01
9.3938139323939520     2.805569995e+01     -7.367370225e-02     1.439346921e-03     2.973203140e+00     -1.996506834e-02     3.064456952e-04     -6.099999919e-01     2.598629751e-01     1.708939803e+00     -2.302394160e-03     5.658259149e-02
18.7876278676060480     5.605284383e+01     -4.003223191e-01     8.413558391e-03     2.986974167e+00     -7.899347564e-02     1.178406255e-03     -6.099999979e-01     1.101165139e+00     2.583091894e+00     2.302392873e-03     1.225357453e-01
28.1814418000000018     8.469899274e+01     -1.094783607e+00     2.576114649e-02     3.107952390e+00     -1.741084591e-01     2.515000539e-03     -6.099999981e-01     1.432003257e+00     3.462296672e+00     -2.302392917e-03     -5.209830204e-02
37.5752557239395202     1.143780121e+02     -1.936486793e+00     5.440714300e-02     3.198057724e+00     -2.595039313e-01     3.583905977e-03     -6.099999978e-01     9.373470179e-01     3.764573702e+00     2.302392981e-03     -5.321701349e-02
46.9690696760604780     1.445433721e+02     -2.433195511e+00     9.029867467e-02     3.199999999e+00     -3.103714492e-01     4.057618951e-03     -6.099999958e-01     7.871981000e-01     3.940410844e+00     -2.302392558e-03     2.124939758e-02
56.3628836000000035     1.747426479e+02     -2.234541705e+00     1.302580378e-01     3.195587155e+00     -3.552459966e-01     4.449971983e-03     -6.099999975e-01     9.334272328e-01     3.987714148e+00     2.302392197e-03     9.883672286e-03
65.7566975239395219     2.049695076e+02     -1.185554699e+00     1.739385833e-01     3.199999964e+00     -3.993292418e-01     4.849881262e-03     -6.099999963e-01     9.426800004e-01     4.020540606e+00     -2.302391927e-03     -7.913701899e-03
75.1505114760604727     2.352127625e+02     8.570607237e-01     2.210612993e-01     3.199999997e+00     -4.379174606e-01     5.182830973e-03     -6.099999974e-01     9.493735639e-01     4.053298179e+00     2.302391696e-03     9.338802196e-03
84.5443253999999911     2.654034244e+02     4.032710628e+00     2.711303147e-01     3.199965477e+00     -4.725523766e-01     5.477166298e-03     -6.099999959e-01     9.942896526e-01     4.084525191e+00     -2.302391388e-03     2.241056894e-04
93.9381393239395095     2.954801062e+02     8.460055718e+00     3.237983036e-01     3.199999990e+00     -5.034229151e-01     5.736168187e-03     -6.099999971e-01     9.979180346e-01     4.113002004e+00     2.302391134e-03     5.483988503e-04
103.3319532760604744     3.253680679e+02     1.424193197e+01     3.787436782e-01     3.199999996e+00     -5.307071816e-01     5.962035534e-03     -6.099999953e-01     1.036038479e+00     4.145360746e+00     -2.302390749e-03     7.567675235e-03
112.7257672000000071     3.549802482e+02     2.146438396e+01     4.356705394e-01     3.199999954e+00     -5.546848295e-01     6.158038728e-03     -6.099999966e-01     1.035727412e+00     4.181526003e+00     2.302390483e-03     -7.633903445e-03
122.1195811239395113     3.841995570e+02     3.019115526e+01     4.942082284e-01     3.195833748e+00     -5.742082897e-01     6.304990532e-03     -6.099999938e-01     1.029841252e+00     4.216733224e+00     -2.302389891e-03     6.380704339e-03
131.5133950760604762     4.129415157e+02     4.047519538e+01     5.542330202e-01     3.199999998e+00     -5.938949850e-01     6.474651968e-03     -6.099999957e-01     1.134630120e+00     4.264146212e+00     2.302389480e-03     1.592948164e-02
140.9072089999999946     4.410936786e+02     5.234719382e+01     6.155281091e-01     3.195534024e+00     -6.082154313e-01     6.575444474e-03     -6.099999867e-01     9.769571895e-01     4.423232853e+00     -2.302387561e-03     -4.949900551e-02
150.3010229239395130     4.682378883e+02     6.567572695e+01     6.764637394e-01     3.130508850e+00     -6.034641448e-01     6.398121033e-03     -6.099999901e-01     4.461264842e-01     4.744564293e+00     2.302386826e-03     -6.351807340e-02
159.6948368760604637     4.938183883e+02     8.011143378e+01     7.350356551e-01     3.011343308e+00     -5.867348179e-01     6.072195320e-03     -5.907682059e-01     8.586572992e-02     4.945534941e+00     1.792176770e-03     -1.318362770e-02
169.0886507999999822     5.175806150e+02     9.535355805e+01     7.898413417e-01     2.891562001e+00     -5.579462415e-01     5.596267983e-03     -2.525376080e-01     8.474748213e-02     5.193517790e+00     7.021917032e-02     1.294554596e-02
178.4824647239395006     5.395771599e+02     1.113780977e+02     8.384392430e-01     2.807213682e+00     -5.035123076e-01     4.750520153e-03     3.416414594e-01     4.165234355e-01     5.740653778e+00     5.628515936e-02     5.769156814e-02
187.8762786760604513     5.600785695e+02     1.284510579e+02     8.771795756e-01     2.800000008e+00     -4.205649762e-01     3.497531785e-03     6.099998973e-01     1.023635455e+00     6.303586785e+00     8.499808224e-04     7.156626543e-02
197.2700925999999697     5.796105331e+02     1.471449133e+02     9.020443043e-01     2.912325567e+00     -3.050218636e-01     1.796319874e-03     6.099999931e-01     1.460387961e+00     6.610586157e+00     -8.499604387e-04     2.142099403e-02
206.6639065239394881     5.987603910e+02     1.679412152e+02     9.103704778e-01     3.088097753e+00     -1.744079861e-01     -2.362700383e-05     6.099999935e-01     1.436809446e+00     6.724184457e+00     8.499605196e-04     -2.644100296e-02
216.0577204760604957     6.178520169e+02     1.905064683e+02     9.040983638e-01     3.199999997e+00     -6.836016138e-02     -1.311744141e-03     6.099999922e-01     9.875249005e-01     7.024931787e+00     -8.499607858e-04     -6.921440368e-02
225.4515344000000141     6.368605892e+02     2.137977856e+02     8.886346729e-01     3.199999997e+00     3.936279669e-03     -1.980569502e-03     6.099999774e-01     3.939010528e-01     7.419462235e+00     8.499576251e-04     -5.717171634e-02
234.8453483239395325     6.556179939e+02     2.368995091e+02     8.680073949e-01     3.135018493e+00     6.186388262e-02     -2.411103173e-03     6.099999835e-01     1.066306662e-01     7.576147652e+00     -8.499563276e-04     -3.989892498e-03
244.2391622760604832     6.740732461e+02     2.593961016e+02     8.440215662e-01     3.057613561e+00     1.091154414e-01     -2.695625343e-03     4.177465726e-01     5.545932944e-04     7.668787856e+00     -4.008196168e-02     -1.859434722e-02
253.6329762000000017     6.924049621e+02     2.811178965e+02     8.197558118e-01     2.989855955e+00     1.196606655e-01     -2.470701032e-03     -1.084402554e-01     -1.473414377e-01     8.011725795e+00     -7.194640755e-02     -1.289361539e-02
263.0267901239395201     7.108762375e+02     3.019705878e+02     7.999218769e-01     2.937805719e+00     9.356506101e-02     -1.752064080e-03     -6.099999778e-01     3.571038909e-01     9.001432748e+00     -3.483870147e-02     1.202930875e-01
272.4206040760604992     7.298413730e+02     3.221556894e+02     7.885453792e-01     2.957961133e+00     3.813193973e-02     -6.700613411e-04     -6.099999947e-01     1.099067707e+00     9.880598937e+00     3.483869787e-02     3.767551223e-02
281.8144179999999892     7.494710323e+02     3.421004727e+02     7.853981634e-01     3.000000000e+00     0.000000000e+00     0.000000000e+00     0.000000000e+00     6.024201667e-01     1.141666125e+01     9.503400326e-02     -1.434147879e-01
