08 0
31 0
0.0000000000000000     0.000000000e+00     0.000000000e+00     0.000000000e+00     3.000000000e+00     0.000000000e+00     0.000000000e+00     0.000000000e+00     6.024201667e-01     0.000000000e+00     3.200569514e-02     4.253245094e-02
21.6666666644999992     6.599954957e+01     4.247967545e-01     -1.181605307e-02     3.091586926e+00     7.574680101e-02     -1.090712591e-03     5.089571839e-01     1.082657636e+00     3.814818199e-01     1.497496799e-02     1.797161656e-03
43.3333333355000008     1.342422457e+02     1.279164629e+00     -5.514079630e-02     3.200000000e+00     2.163426765e-01     -2.908494477e-03     6.100000000e-01     8.843241382e-01     5.168808777e-01     -5.647938815e-03     -2.010486919e-02
65.0000000000000000     2.038147780e+02     6.970701136e-01     -1.299918467e-01     3.200000000e+00     3.241537670e-01     -4.000833249e-03     5.830274029e-01     7.884437135e-01     6.245470475e-01     3.158160628e-03     1.125436846e-02
86.6666666449999923     2.733349462e+02     -3.694105482e+00     -2.253017719e-01     3.190986232e+00     4.113083137e-01     -4.797006002e-03     6.100000000e-01     9.662086233e-01     6.928201479e-01     -6.683824421e-04     5.154700139e-03
108.3333333549999935     3.424901750e+02     -1.354743687e+01     -3.369624243e-01     3.200000000e+00     4.878410316e-01     -5.510131138e-03     6.099999999e-01     9.972588801e-01     7.590255786e-01     6.683824347e-04     -2.288522590e-03
130.0000000000000000     4.106174567e+02     -3.018400826e+01     -4.614895549e-01     3.200000000e+00     5.436774495e-01     -5.984680925e-03     6.100000000e-01     1.028957342e+00     8.293670317e-01     -6.683824278e-04     5.214534451e-03
151.6666666449999923     4.765418937e+02     -5.452614526e+01     -5.947475886e-01     3.200000000e+00     5.844481766e-01     -6.316060649e-03     6.099999999e-01     1.068033319e+00     9.041715752e-01     6.683824245e-04     -1.607521156e-03
173.3333333550000077     5.389947269e+02     -8.699331487e+01     -7.340499050e-01     3.200000000e+00     6.135211415e-01     -6.542614703e-03     6.099999999e-01     1.080153384e+00     9.803448842e-01     -6.683824215e-04     2.726296355e-03
195.0000000000000000     5.966234913e+02     -1.275548469e+02     -8.774583161e-01     3.200000000e+00     6.339082066e-01     -6.695084791e-03     6.099999999e-01     1.103593235e+00     1.058782281e+00     6.683824196e-04     -5.626177913e-04
216.6666666449999923     6.480928053e+02     -1.757812112e+02     -1.023619100e+00     3.199999999e+00     6.480430430e-01     -6.796679855e-03     6.099999999e-01     1.104846093e+00     1.138217798e+00     -6.683824180e-04     6.782662285e-04
238.3333333549999793     6.921639912e+02     -2.309053296e+02     -1.171608944e+00     3.200000000e+00     6.577632643e-01     -6.863921160e-03     6.099999999e-01     1.120309931e+00     1.218888056e+00     6.683824169e-04     7.491649672e-04
260.0000000000000000     7.277537220e+02     -2.918852125e+02     -1.320807848e+00     3.199999691e+00     6.644108625e-01     -6.908285318e-03     6.099999999e-01     1.116256305e+00     1.300468838e+00     -6.683824159e-04     -1.123345795e-03
281.6666666450000207     7.539753104e+02     -3.574636750e+02     -1.470803929e+00     3.200000000e+00     6.689382816e-01     -6.937506834e-03     6.099999999e-01     1.127956387e+00     1.383073467e+00     6.683824152e-04     2.203353324e-03
303.3333333549999793     7.701664940e+02     -4.262237998e+02     -1.621324796e+00     3.199992919e+00     6.720108154e-01     -6.956727039e-03     6.099999999e-01     1.121409273e+00     1.466770147e+00     -6.683824145e-04     -2.807702298e-03
325.0000000000000000     7.759069167e+02     -4.966406497e+02     -1.772191776e+00     3.200000000e+00     6.740962255e-01     -6.969455708e-03     6.099999999e-01     1.131464676e+00     1.551710509e+00     6.683824138e-04     3.735893340e-03
346.6666666450000207     7.710272533e+02     -5.671290579e+02     -1.923287234e+00     3.199996172e+00     6.755043734e-01     -6.977817355e-03     6.099999999e-01     1.123710804e+00     1.638111641e+00     -6.683824131e-04     -4.451635398e-03
368.3333333549999793     7.556114281e+02     -6.360885752e+02     -2.074533527e+00     3.200000000e+00     6.764576065e-01     -6.983378913e-03     6.099999999e-01     1.133050107e+00     1.726176323e+00     6.683824120e-04     5.313724908e-03
390.0000000000000000     7.299927847e+02     -7.019458790e+02     -2.225879842e+00     3.199999999e+00     6.771001839e-01     -6.987050187e-03     6.099999999e-01     1.124752443e+00     1.816174524e+00     -6.683824109e-04     -6.079663083e-03
411.6666666449999639     6.947445665e+02     -7.631941747e+02     -2.377292329e+00     3.200000000e+00     6.775334952e-01     -6.989487070e-03     6.099999999e-01     1.133751769e+00     1.908338818e+00     6.683824083e-04     6.910370049e-03
433.3333333549999793     6.506651878e+02     -8.184299940e+02     -2.528748776e+00     3.200000000e+00     6.778255507e-01     -6.991108016e-03     6.100000000e-01     1.125226831e+00     2.002952110e+00     -6.683824021e-04     -7.697287374e-03
454.9999999999999432     5.989588158e+02     -8.662502820e+02     -2.679206283e+00     3.178548200e+00     6.717142078e-01     -6.897277229e-03     6.099999998e-01     1.044507827e+00     2.086080824e+00     6.683823892e-04     2.463024057e-04
476.6666666449999639     5.406448826e+02     -9.057528910e+02     -2.829918282e+00     3.200000000e+00     6.787247727e-01     -7.014599590e-03     6.099999999e-01     1.270085113e+00     2.219934094e+00     -6.683823884e-04     2.057621628e-02
498.3333333550000361     4.768899934e+02     -9.360281020e+02     -2.977917271e+00     3.196852759e+00     6.551644694e-01     -6.646845537e-03     4.302455649e-01     8.756001302e-01     2.722517772e+00     -1.592433469e-02     -5.699021468e-02
520.0000000000000000     4.111612005e+02     -9.558485127e+02     -3.105281755e+00     3.041953487e+00     5.521873658e-01     -5.109876068e-03     7.047233895e-03     2.250391448e-01     3.187430611e+00     -2.314012664e-02     -3.061568587e-03
541.6666666450000776     3.456190375e+02     -9.655445746e+02     -3.189084467e+00     3.015676628e+00     3.763563919e-01     -2.625758944e-03     -4.327861859e-01     1.087148053e+00     4.059400915e+00     -1.745988135e-02     8.264085238e-02
563.3333333550000361     2.784005178e+02     -9.672527954e+02     -3.215818935e+00     3.171469609e+00     1.605483622e-01     1.579619394e-04     -6.099999998e-01     1.038722530e+00     5.727965135e+00     1.101683140e-03     -8.711090057e-02
585.0000000000000000     2.093901454e+02     -9.646100081e+02     -3.195961933e+00     3.200000000e+00     5.037836167e-03     1.674992108e-03     -3.608247129e-01     4.246760316e-01     6.743356985e+00     2.189911257e-02     3.042968529e-02
606.6666666449999639     1.401203452e+02     -9.617042364e+02     -3.163530424e+00     3.200000000e+00     -2.917126862e-02     1.318685589e-03     1.625714655e-01     8.568298748e-01     7.010629116e+00     2.641438082e-02     9.461438705e-03
628.3333333550000361     7.165071467e+01     -9.604212524e+02     -3.145418659e+00     3.121733596e+00     -7.126119046e-03     3.531696990e-04     3.395655561e-01     -7.024693528e-01     9.695954963e+00     -1.007646477e-02     -1.533967520e-01
650.0000000000000000     5.332476939e+00     -9.602146628e+02     -3.141592654e+00     3.000000000e+00     0.000000000e+00     0.000000000e+00     0.000000000e+00     6.024201667e-01     2.045715110e+01     -2.126804810e-02     2.738480923e-01
