02 0
31 0
0.0000000000000000     0.000000000e+00     0.000000000e+00     0.000000000e+00     3.000000000e+00     0.000000000e+00     0.000000000e+00     0.000000000e+00     6.024201667e-01     0.000000000e+00     2.348970215e-01     1.514052636e-01
4.9460240928387309     1.490558375e+01     4.770642679e-02     -8.545465310e-04     3.027281697e+00     2.187777934e-02     -3.455488751e-04     6.099999978e-01     1.187569284e+00     2.127559071e+00     1.176574692e-02     8.520867377e-02
9.8920481871612687     3.004366615e+01     2.363755507e-01     -4.412949869e-03     3.093732699e+00     7.065353953e-02     -1.093345587e-03     6.099999997e-01     1.364405824e+00     2.342877023e+00     -1.176574614e-02     -1.370213160e-02
14.8380722800000004     4.551663362e+01     5.862352650e-01     -1.162462284e-02     3.161519543e+00     1.212295187e-01     -1.822803965e-03     6.099999989e-01     1.244694159e+00     2.409458353e+00     1.176574584e-02     -3.470509945e-02
19.7840963683873099     6.125861756e+01     1.022714964e+00     -2.197413827e-02     3.200000000e+00     1.623773009e-01     -2.362179865e-03     6.099999995e-01     9.716769276e-01     2.606281689e+00     -1.176574560e-02     -7.569356664e-02
24.7301204716126897     7.710438436e+01     1.449971303e+00     -3.444411859e-02     3.199999999e+00     1.910537852e-01     -2.680246164e-03     6.083362924e-01     5.564646732e-01     2.973986177e+00     1.109300032e-02     -9.220381780e-02
29.6761445600000009     9.288336630e+01     1.798795670e+00     -4.822036731e-02     3.169191212e+00     2.133196624e-01     -2.890389344e-03     6.099999992e-01     2.290364976e-01     3.232603674e+00     -1.042025518e-02     -4.019674046e-02
34.6221686483873086     1.084847526e+02     2.040569174e+00     -6.300454549e-02     3.124293656e+00     2.346334732e-01     -3.087817759e-03     6.099999893e-01     8.983351004e-02     3.284785598e+00     1.042025116e-02     -1.609210284e-02
39.5681927516126919     1.238653229e+02     2.162100891e+00     -7.871249913e-02     3.076023752e+00     2.543488625e-01     -3.263931985e-03     6.099999988e-01     3.778206979e-02     3.297237883e+00     -1.042024728e-02     -4.955687971e-03
44.5142168399999960     1.390154213e+02     2.149492816e+00     -9.523720004e-02     3.027494803e+00     2.723405799e-01     -3.418081931e-03     6.099999942e-01     2.329805989e-02     3.303250395e+00     1.042024542e-02     -9.011415224e-04
49.4602409283873072     1.539338856e+02     1.990329928e+00     -1.124734043e-01     2.979263837e+00     2.886337205e-01     -3.551639188e-03     6.099999979e-01     2.516511600e-02     3.308717497e+00     -1.042024394e-02     1.656114032e-03
54.4062650316126906     1.686208704e+02     1.674230749e+00     -1.303232911e-01     2.931516502e+00     3.032886498e-01     -3.666233758e-03     6.099999959e-01     4.421163634e-02     3.315078870e+00     1.042024314e-02     6.045635887e-03
59.3522891200000018     1.830780661e+02     1.192574303e+00     -1.486964917e-01     2.884881138e+00     3.163662352e-01     -3.763249110e-03     6.099999288e-01     9.755449234e-02     3.327398436e+00     -1.042027030e-02     1.552435851e-02
64.2983132083873130     1.973163038e+02     5.317750438e-01     -1.674177993e-01     2.843021994e+00     3.256180753e-01     -3.806996099e-03     4.571957492e-01     2.102875163e-01     3.424045840e+00     -5.136842169e-02     3.006095276e-02
69.2443373116126963     2.113673493e+02     -3.412160857e-01     -1.860059696e-01     2.812552494e+00     3.254330647e-01     -3.709413018e-03     1.274691313e-01     3.958750753e-01     3.729312716e+00     -8.196154663e-02     4.498419685e-02
74.1903614000000005     2.252886737e+02     -1.483109940e+00     -2.035894691e-01     2.800000001e+00     3.111246817e-01     -3.400742195e-03     -2.628565377e-01     6.632022442e-01     4.190782040e+00     -7.587256883e-02     6.311360608e-02
79.1363854883873046     2.391709571e+02     -2.967542780e+00     -2.190168661e-01     2.814963866e+00     2.794517482e-01     -2.837560195e-03     -5.282114741e-01     1.014856067e+00     4.621648052e+00     -3.142773189e-02     7.908296060e-02
84.0824095916126879     2.531571941e+02     -4.882939539e+00     -2.309446535e-01     2.871251020e+00     2.275748584e-01     -1.985621883e-03     -6.099999969e-01     1.368734187e+00     4.923681971e+00     -1.644700127e-03     6.401303465e-02
89.0284336799999920     2.674243654e+02     -7.309898498e+00     -2.381154083e-01     2.968300347e+00     1.589329575e-01     -9.139817850e-04     -6.099999978e-01     1.557073476e+00     5.060685568e+00     1.644699756e-03     1.214481880e-02
93.9744577683873104     2.820872506e+02     -1.025836138e+01     -2.399921798e-01     3.074626144e+00     8.674295308e-02     1.550806895e-04     -6.099999983e-01     1.480145595e+00     5.144971148e+00     -1.644699939e-03     -4.325177655e-02
98.9204818716126795     2.971147245e+02     -1.362768738e+01     -2.371450104e-01     3.151734768e+00     2.526780822e-02     9.962155289e-04     -6.099999972e-01     1.207791887e+00     5.329055954e+00     1.644700372e-03     -6.687858357e-02
103.8665059599999978     3.123702979e+02     -1.725388246e+01     -2.308185897e-01     3.188844443e+00     -2.147878735e-02     1.561968798e-03     -6.099999974e-01     9.296952860e-01     5.508400597e+00     -1.644700471e-03     -4.557400301e-02
108.8125300483873019     3.277228138e+02     -2.099235286e+01     -2.221658592e-01     3.200000000e+00     -5.759050503e-02     1.936894288e-03     -5.653002332e-01     7.703713751e-01     5.589052093e+00     1.971972943e-02     -1.885104140e-02
113.7585541516126995     3.431036301e+02     -2.474174070e+01     -2.120959870e-01     3.199999999e+00     -8.308170815e-02     2.135011558e-03     -3.308165609e-01     6.591988140e-01     5.771402611e+00     7.509730659e-02     -2.610327300e-02
118.7045782400000036     3.584835290e+02     -2.841160053e+01     -2.017018833e-01     3.191345632e+00     -9.162649774e-02     2.068002225e-03     7.312455013e-02     4.913051453e-01     6.168485459e+00     8.824241973e-02     -4.178708315e-02
123.6506023283873219     3.738256502e+02     -3.191281860e+01     -1.922849164e-01     3.169699945e+00     -8.243989028e-02     1.739891424e-03     4.186447452e-01     2.905292864e-01     6.510565373e+00     5.147392148e-02     -3.939968629e-02
128.5966264316126910     3.890744841e+02     -3.518935867e+01     -1.847983569e-01     3.135567201e+00     -6.318216007e-02     1.287412672e-03     6.099999963e-01     1.356641482e-01     6.645171736e+00     2.590348205e-02     -2.322238561e-02
133.5426505199999951     4.041835555e+02     -3.823554786e+01     -1.795537611e-01     3.096152050e+00     -4.123070269e-02     8.333193348e-04     6.099999801e-01     6.879740013e-02     6.692227336e+00     -2.590348857e-02     -3.816200050e-03
138.4886746083872993     4.191318858e+02     -4.108472827e+01     -1.763716757e-01     3.056956061e+00     -2.257884735e-02     4.534052577e-04     6.099999992e-01     -3.682727455e-02     6.763231781e+00     2.590349628e-02     -3.889474218e-02
143.4346987116126968     4.339131677e+02     -4.378329987e+01     -1.748916621e-01     3.018811211e+00     -7.446376544e-03     1.450607167e-04     5.890375212e-01     -4.481402783e-04     6.917540266e+00     -3.437999289e-02     5.360519793e-02
148.3807228000000009     4.485679602e+02     -4.638875372e+01     -1.745329252e-01     3.000000000e+00     0.000000000e+00     0.000000000e+00     0.000000000e+00     6.024201667e-01     8.942131586e+00     -2.038062795e-01     1.901737629e-01
