05 0
31 0
0.0000000000000000     0.000000000e+00     0.000000000e+00     0.000000000e+00     3.000000000e+00     0.000000000e+00     0.000000000e+00     0.000000000e+00     6.024201667e-01     0.000000000e+00     -8.778452662e-02     1.059916831e-01
13.4555800719877752     4.098904222e+01     -3.324691185e-01     7.205175820e-03     3.092060909e+00     -7.169779594e-02     1.070957295e-03     -6.100000000e-01     1.294666415e+00     1.316628387e+00     -2.884176882e-03     -3.098126000e-03
26.9111601480122253     8.335322035e+01     -1.233423176e+00     3.227953474e-02     3.200000000e+00     -1.878724642e-01     2.656025679e-03     -6.100000000e-01     9.093815719e-01     1.566331345e+00     2.884176882e-03     -5.416954158e-02
40.3667402200000041     1.265124797e+02     -1.989535611e+00     7.334585357e-02     3.200000000e+00     -2.630921286e-01     3.447957740e-03     -6.100000000e-01     7.085468000e-01     1.831476661e+00     -2.884176882e-03     2.431801963e-02
53.8223202798777578     1.696912876e+02     -1.717885766e+00     1.240136743e-01     3.191114640e+00     -3.289891321e-01     4.083166215e-03     -6.100000000e-01     9.266344164e-01     1.904256967e+00     2.884176882e-03     8.097917153e-03
67.2779003801222473     2.129208661e+02     5.797116003e-02     1.832469792e-01     3.200000000e+00     -3.940183019e-01     4.721107493e-03     -6.100000000e-01     9.386982882e-01     1.947577551e+00     -2.884176882e-03     -6.304776807e-03
80.7334804400000081     2.561780455e+02     3.780405015e+00     2.500920946e-01     3.200000000e+00     -4.483263159e-01     5.214564553e-03     -6.100000000e-01     9.525729760e-01     1.992180103e+00     2.884176882e-03     8.367071816e-03
94.1890604998777548     2.992505729e+02     9.862359922e+00     3.229942693e-01     3.199211889e+00     -4.946256482e-01     5.621411939e-03     -6.100000000e-01     1.006195712e+00     2.036768513e+00     -2.884176882e-03     -3.967374065e-04
107.6446406001222584     3.419416672e+02     1.863192871e+01     4.009389929e-01     3.200000000e+00     -5.341908316e-01     5.964075010e-03     -6.100000000e-01     1.026698448e+00     2.080406219e+00     2.884176882e-03     3.444206959e-03
121.1002206600000051     3.840031101e+02     3.034739077e+01     4.830359518e-01     3.200000000e+00     -5.668871609e-01     6.238588630e-03     -6.100000000e-01     1.054861420e+00     2.126094810e+00     -2.884176882e-03     7.418589211e-04
134.5558007198777659     4.251339905e+02     4.519261681e+01     5.684652564e-01     3.200000000e+00     -5.937946022e-01     6.459385610e-03     -6.100000000e-01     1.070874764e+00     2.173036146e+00     2.884176882e-03     1.638319984e-03
148.0113808201222412     4.650092122e+02     6.327577613e+01     6.565645168e-01     3.200000000e+00     -6.157418719e-01     6.635443445e-03     -6.100000000e-01     1.090787547e+00     2.221613773e+00     -2.884176882e-03     1.321460753e-03
161.4669608800000162     5.032855577e+02     8.463204815e+01     7.467862170e-01     3.200000000e+00     -6.335177450e-01     6.774859147e-03     -6.100000000e-01     1.100007191e+00     2.271287438e+00     2.884176882e-03     4.892151247e-05
174.9225409398777629     5.396128655e+02     1.092274478e+02     8.386844265e-01     3.200000000e+00     -6.478333268e-01     6.884635141e-03     -6.100000000e-01     1.114085507e+00     2.322161402e+00     -2.884176882e-03     2.043640115e-03
188.3781210401222665     5.736399216e+02     1.369602861e+02     9.318732518e-01     3.199218843e+00     -6.590481601e-01     6.966692670e-03     -6.100000000e-01     1.113726578e+00     2.373944042e+00     2.884176882e-03     -2.096990268e-03
201.8337011000000132     6.050364937e+02     1.676769995e+02     1.026097484e+00     3.200000000e+00     -6.684893564e-01     7.038535223e-03     -6.100000000e-01     1.137780876e+00     2.428687366e+00     -2.884176882e-03     5.672354232e-03
215.2892811598777598     6.334905657e+02     2.011728301e+02     1.121156836e+00     3.200000000e+00     -6.757929335e-01     7.090822480e-03     -6.100000000e-01     1.121442490e+00     2.487897960e+00     2.884176882e-03     -8.100846562e-03
228.7448612601222635     6.586698362e+02     2.371339946e+02     1.216513634e+00     3.190456517e+00     -6.784106730e-01     7.082746766e-03     -6.100000000e-01     1.086698211e+00     2.543230524e+00     -2.884176882e-03     2.936553651e-03
242.2004413200000101     6.803627206e+02     2.753165421e+02     1.312409251e+00     3.200000000e+00     -6.863825901e-01     7.170910982e-03     -6.100000000e-01     1.233549674e+00     2.623486261e+00     2.884176882e-03     1.889103929e-02
255.6560213798777568     6.983660274e+02     3.154220872e+02     1.408906586e+00     3.195570501e+00     -6.886264941e-01     7.172184514e-03     -6.100000000e-01     1.010156427e+00     2.882511360e+00     -2.884176882e-03     -5.209559022e-02
269.1116014801222605     7.122617277e+02     3.562629630e+02     1.502528420e+00     3.080026495e+00     -6.621613309e-01     6.743504547e-03     -6.100000000e-01     2.932607505e-01     3.288102862e+00     2.884176882e-03     -5.446178928e-02
282.5671815399999787     7.218505401e+02     3.962463471e+02     1.587207207e+00     2.905843721e+00     -6.022982166e-01     5.842914846e-03     -1.768356608e-01     8.960078456e-02     3.783944811e+00     6.150016581e-02     2.419033834e-02
296.0227615998777537     7.273293864e+02     4.350633356e+02     1.655829105e+00     2.821932693e+00     -5.013076754e-01     4.356853240e-03     4.633396578e-01     7.948978330e-01     4.604417947e+00     3.365371312e-02     8.064305339e-02
309.4783417001223143     7.287688866e+02     4.743331816e+02     1.697939783e+00     2.964388042e+00     -3.327080741e-01     1.902360765e-03     6.100000000e-01     1.548652095e+00     5.255060703e+00     -1.185452774e-02     3.139288386e-02
322.9339217600000325     7.265615100e+02     5.157421369e+02     1.707222704e+00     3.181173319e+00     -1.518287435e-01     -5.225731468e-04     6.100000000e-01     1.186015792e+00     5.906522633e+00     1.185452774e-02     -8.529413541e-02
336.3895018198778075     7.222802313e+02     5.584822997e+02     1.691941406e+00     3.200000000e+00     -3.283293629e-02     -1.748796462e-03     6.100000000e-01     1.868950898e-01     6.712809492e+00     -1.185452774e-02     -6.321238709e-02
349.8450819201222544     7.176517197e+02     6.005936303e+02     1.664734614e+00     3.096536750e+00     4.358108478e-02     -2.295145442e-03     6.100000000e-01     -2.424307943e-01     7.002463563e+00     1.185452774e-02     -6.014182876e-04
363.3006619800000294     7.135131453e+02     6.413910897e+02     1.631866025e+00     2.996827903e+00     9.858365972e-02     -2.590350237e-03     5.123554438e-01     -2.437145365e-01     7.061115736e+00     -2.636814301e-02     4.106064118e-04
376.7562420398778045     7.103064369e+02     6.810853698e+02     1.599008895e+00     2.919173054e+00     1.130332321e-01     -2.293442196e-03     -1.961160311e-01     3.061835746e-01     7.975164362e+00     -7.893708666e-02     8.132471947e-02
390.2118221401222513     7.085152632e+02     7.205051476e+02     1.577187712e+00     2.944816313e+00     5.208011751e-02     -9.499977484e-04     -6.100000000e-01     1.069146054e+00     8.953946476e+00     1.741852459e-02     3.207990153e-02
403.6674022000000264     7.080382603e+02     7.604979795e+02     1.570796327e+00     3.000000000e+00     0.000000000e+00     0.000000000e+00     0.000000000e+00     6.024201667e-01     1.012744576e+01     7.325017891e-02     -1.014527394e-01
