04 0
31 0
0.0000000000000000     0.000000000e+00     0.000000000e+00     0.000000000e+00     3.000000000e+00     0.000000000e+00     0.000000000e+00     0.000000000e+00     6.024201667e-01     0.000000000e+00     2.368436084e-02     -4.802647046e-02
9.9999999989999999     2.994345743e+01     -1.474471866e-01     -9.381278301e-03     2.986820412e+00     1.199005216e-02     -1.830596294e-04     2.946992883e-01     4.632047779e-01     2.345611591e-01     3.524358625e-02     2.019080250e-02
20.0000000010000001     5.986089778e+01     -2.444208182e-01     -1.852251100e-02     2.994331241e+00     5.262058561e-02     -7.834109407e-04     5.394551908e-01     8.816304861e-01     5.428274714e-01     1.369848383e-02     6.347660773e-02
30.0000000000000000     9.021126771e+01     -1.779639938e-01     -3.593569047e-02     3.070776049e+00     1.270524139e-01     -1.837899196e-03     6.100000000e-01     1.229456281e+00     7.899004239e-01     4.085465909e-04     6.074345179e-03
39.9999999899999992     1.214339152e+02     -5.508067213e-02     -6.415420830e-02     3.162140691e+00     2.115875301e-01     -2.944697745e-03     6.095521068e-01     1.111636837e+00     8.768923780e-01     -5.017535216e-04     -2.963328204e-02
50.0000000100000008     1.533481745e+02     -2.577428243e-01     -1.015734415e-01     3.200000000e+00     2.774451877e-01     -3.678214477e-03     6.095304733e-01     8.862018823e-01     9.630759814e-01     4.944627044e-04     -1.544426257e-02
60.0000000000000000     1.854853577e+02     -1.193511270e+00     -1.450024939e-01     3.200000000e+00     3.276501927e-01     -4.146865270e-03     6.100000000e-01     8.544090390e-01     1.001882227e+00     -4.024781832e-04     9.087040675e-03
69.9999999900000063     2.176164507e+02     -3.121315077e+00     -1.928003544e-01     3.198216511e+00     3.728818455e-01     -4.552166352e-03     6.100000000e-01     9.272403723e-01     1.031372942e+00     4.115159807e-04     5.476186367e-03
80.0000000099999937     2.497050046e+02     -6.219301056e+00     -2.444947177e-01     3.200000000e+00     4.147887902e-01     -4.926311406e-03     6.092813516e-01     9.498241904e-01     1.059370747e+00     -5.680018787e-04     -9.602538985e-04
90.0000000000000000     2.816948816e+02     -1.064980451e+01     -2.996230865e-01     3.200000000e+00     4.513493393e-01     -5.239080070e-03     6.038912437e-01     9.650260816e-01     1.087745765e+00     -5.105696942e-04     3.999903065e-03
99.9999999899999921     3.134843212e+02     -1.655526968e+01     -3.576283389e-01     3.198385621e+00     4.830981722e-01     -5.501781009e-03     6.098172209e-01     9.818001554e-01     1.117149644e+00     1.695374919e-03     -6.459305845e-04
110.0000000099999937     3.449605196e+02     -2.404774910e+01     -4.180846108e-01     3.195793600e+00     5.109520363e-01     -5.729359779e-03     6.100000000e-01     1.001373539e+00     1.147978356e+00     -1.594771131e-03     4.560037007e-03
120.0000000000000000     3.760311239e+02     -3.323775284e+01     -4.804755050e-01     3.200000000e+00     5.329078378e-01     -5.888774778e-03     5.480243160e-01     1.055347973e+00     1.188730885e+00     -1.086052266e-02     6.233005609e-03
129.9999999899999921     4.065470812e+02     -4.424812440e+01     -5.431616195e-01     3.200000000e+00     5.367210841e-01     -5.788515624e-03     3.978800897e-01     9.162464560e-01     1.302198568e+00     -1.916086299e-02     -3.404707052e-02
140.0000000100000079     4.361099315e+02     -5.707305254e+01     -6.028601257e-01     3.159666892e+00     5.126552414e-01     -5.291473998e-03     1.795391415e-01     5.205590782e-01     1.526791132e+00     -2.449683972e-02     -4.507373607e-02
150.0000000000000000     4.642134206e+02     -7.147093066e+01     -6.562138787e-01     3.079822684e+00     4.670868413e-01     -4.519898207e-03     -7.727697196e-02     2.425998229e-01     1.704920838e+00     -2.685432741e-02     -1.050653102e-02
159.9999999899999921     4.906117397e+02     -8.712204337e+01     -7.012138049e-01     2.995100279e+00     4.090125530e-01     -3.621098933e-03     -3.439033586e-01     2.368782693e-01     1.787601247e+00     -2.645866408e-02     9.362467174e-03
170.0000000100000079     5.153828925e+02     -1.037810633e+02     -7.372228880e-01     2.926411669e+00     3.468553403e-01     -2.722114624e-03     -5.126279687e-01     3.581772744e-01     1.843471054e+00     -7.277905207e-03     1.489205608e-02
180.0000000000000000     5.387811516e+02     -1.212746028e+02     -7.647699919e-01     2.880420924e+00     2.879485479e-01     -1.929020949e-03     -5.524483285e-01     4.802519705e-01     1.867101638e+00     -6.828418149e-04     9.517700274e-03
189.9999999899999921     5.610965472e+02     -1.394703313e+02     -7.849720320e-01     2.852496873e+00     2.337752939e-01     -1.253306554e-03     -5.630888831e-01     5.238847264e-01     1.879306510e+00     -1.442951537e-03     -7.908867747e-04
200.0000000099999795     5.825570755e+02     -1.582427621e+02     -7.988478031e-01     2.832276992e+00     1.830001698e-01     -6.638708347e-04     -5.731980045e-01     5.193748940e-01     1.887558767e+00     -5.762546942e-04     -1.135222372e-04
210.0000000000000000     6.033204847e+02     -1.774614053e+02     -8.071413049e-01     2.814649627e+00     1.345628811e-01     -1.369029783e-04     -5.825506097e-01     5.153884980e-01     1.895646177e+00     -1.291367685e-03     -6.834199413e-04
219.9999999899999921     6.235168506e+02     -1.970066162e+02     -8.104725655e-01     2.800000000e+00     8.875374030e-02     3.285688782e-04     -5.388494206e-01     5.139748400e-01     1.908674034e+00     1.003268118e-02     3.988614785e-04
230.0000000100000079     6.433209657e+02     -2.168443419e+02     -8.092677923e-01     2.802646013e+00     4.342243955e-02     7.703409217e-04     -4.193024371e-01     7.199375928e-01     2.018210621e+00     1.387502576e-02     4.078275766e-02
240.0000000000000000     6.631234060e+02     -2.372212381e+02     -8.034238660e-01     2.877199711e+00     -6.065146472e-03     1.256475625e-03     -2.628970597e-01     1.164982885e+00     2.270489274e+00     1.740290541e-02     4.820602420e-02
249.9999999900000205     6.835283957e+02     -2.585209253e+02     -7.938107414e-01     3.019162459e+00     -4.336350909e-02     1.524348924e-03     -7.946921285e-02     1.259879748e+00     2.507323968e+00     1.927771719e-02     -2.923041102e-02
260.0000000100000079     7.048060826e+02     -2.806063599e+02     -7.838452736e-01     3.111198801e+00     -5.045830381e-02     1.327308217e-03     1.055863682e-01     7.853798982e-01     2.832938021e+00     1.772653378e-02     -6.564913270e-02
270.0000000000000000     7.266436386e+02     -3.028437093e+02     -7.771300147e-01     3.119321737e+00     -3.686041102e-02     8.748742275e-04     2.519187691e-01     5.729223284e-01     3.111834623e+00     1.153292066e-02     2.316482380e-02
279.9999999899999921     7.486427613e+02     -3.247983979e+02     -7.751653329e-01     3.094393057e+00     -1.446172623e-02     3.779089955e-04     3.054675963e-01     3.853273258e-01     3.336594134e+00     -8.281244399e-04     -6.067656878e-02
290.0000000100000079     7.704730545e+02     -3.463372783e+02     -7.772601917e-01     3.037221780e+00     -8.337140106e-04     6.379951154e-05     1.935945720e-01     -5.126904344e-01     4.256983268e+00     -2.154658339e-02     -1.188904949e-01
300.0000000000000000     7.919493608e+02     -3.675562397e+02     -7.853981634e-01     3.000000000e+00     0.000000000e+00     0.000000000e+00     0.000000000e+00     6.024201667e-01     1.085609092e+01     -1.717784261e-02     3.418702301e-01
