07 0
31 0
0.0000000000000000     0.000000000e+00     0.000000000e+00     0.000000000e+00     3.000000000e+00     0.000000000e+00     0.000000000e+00     0.000000000e+00     6.024201667e-01     0.000000000e+00     -2.454754409e-02     -9.802902864e-02
21.6666666644999992     6.427680907e+01     -2.088232020e-01     5.570903971e-03     2.933090994e+00     -3.561644040e-02     5.142362929e-04     -4.413117237e-01     1.424008091e-01     1.481659557e+00     -1.618892257e-02     5.556570347e-02
43.3333333355000008     1.286492673e+02     -1.104818007e+00     3.786406766e-02     3.004271363e+00     -1.772850338e-01     2.466670617e-03     -6.100000000e-01     1.280784161e+00     2.164163246e+00     6.176971111e-04     4.951583631e-02
65.0000000000000000     1.961259478e+02     -1.651161026e+00     1.150378791e-01     3.199998233e+00     -3.566674830e-01     4.657065300e-03     -6.099999999e-01     1.132546968e+00     2.957558667e+00     -6.176971059e-04     -6.319926941e-02
86.6666666449999923     2.658934340e+02     1.425183711e+00     2.240574728e-01     3.200000000e+00     -4.513102104e-01     5.406281284e-03     -6.100000000e-01     7.034948701e-01     3.508420627e+00     6.176971007e-04     2.359446049e-02
108.3333333549999935     3.349279228e+02     1.075511203e+01     3.453729245e-01     3.165819699e+00     -5.117462534e-01     5.792067570e-03     -6.099999999e-01     1.095263610e+00     3.640997749e+00     -6.176970926e-04     1.256880764e-02
130.0000000000000000     4.027380955e+02     2.752796389e+01     4.774625239e-01     3.200000000e+00     -5.770066721e-01     6.400817989e-03     -6.100000000e-01     1.102765951e+00     3.751984456e+00     6.176970843e-04     -1.187628380e-02
151.6666666449999923     4.685024784e+02     5.259331595e+01     6.191428322e-01     3.200000000e+00     -6.156423120e-01     6.677363771e-03     -6.099999999e-01     1.050252214e+00     3.848070799e+00     -6.176970790e-04     7.028861928e-03
173.3333333550000077     5.303674937e+02     8.625521165e+01     7.656133360e-01     3.194488897e+00     -6.410611257e-01     6.842989876e-03     -6.100000000e-01     1.125369020e+00     3.930514911e+00     6.176970738e-04     -9.500293029e-05
195.0000000000000000     5.869384193e+02     1.283502321e+02     9.156660964e-01     3.200000000e+00     -6.620171528e-01     7.008033623e-03     -6.100000000e-01     1.124112759e+00     4.012826366e+00     -6.176970719e-04     -2.095965134e-05
216.6666666449999923     6.368484792e+02     1.783324334e+02     1.068453377e+00     3.199997752e+00     -6.751587425e-01     7.095407111e-03     -6.100000000e-01     1.131023393e+00     4.095598521e+00     6.176970705e-04     6.588643782e-04
238.3333333549999793     6.787391576e+02     2.352561577e+02     1.222825851e+00     3.200000000e+00     -6.841836592e-01     7.154359153e-03     -6.100000000e-01     1.139357409e+00     4.179493389e+00     -6.176970705e-04     1.104294009e-04
260.0000000000000000     7.115018405e+02     2.979128073e+02     1.378265199e+00     3.199998830e+00     -6.903548669e-01     7.193887877e-03     -6.100000000e-01     1.141408912e+00     4.264108917e+00     6.176970716e-04     7.894003876e-05
281.6666666450000207     7.342560045e+02     3.648779723e+02     1.534419242e+00     3.200000000e+00     -6.945635030e-01     7.220330869e-03     -6.100000000e-01     1.146410322e+00     4.349262935e+00     -6.176970733e-04     3.827286156e-04
303.3333333549999793     7.463783623e+02     4.345707208e+02     1.691050887e+00     3.199997711e+00     -6.974260989e-01     7.237974295e-03     -6.100000000e-01     1.146174499e+00     4.434788308e+00     6.176970773e-04     -4.044969267e-04
325.0000000000000000     7.475205762e+02     5.053100858e+02     1.848001504e+00     3.200000000e+00     -6.993719482e-01     7.249774424e-03     -6.100000000e-01     1.149650736e+00     4.520596621e+00     -6.176970814e-04     7.253803233e-04
346.6666666450000207     7.376175456e+02     5.753686601e+02     2.005165236e+00     3.199999962e+00     -7.006915858e-01     7.257646424e-03     -6.099999999e-01     1.148349080e+00     4.606626822e+00     6.176970903e-04     -8.455331199e-04
368.3333333549999793     7.168874877e+02     6.430233438e+02     2.162471259e+00     3.200000000e+00     -7.015860590e-01     7.262909050e-03     -6.100000000e-01     1.151120815e+00     4.692841359e+00     -6.176970993e-04     1.101385542e-03
390.0000000000000000     6.858404009e+02     7.065802166e+02     2.319742291e+00     3.197541346e+00     -7.013868607e-01     7.254416416e-03     -6.099999997e-01     1.139458286e+00     4.778831247e+00     6.176971246e-04     -2.177926690e-03
411.6666666449999639     6.452236168e+02     7.644942866e+02     2.477105064e+00     3.200000000e+00     -7.026672587e-01     7.271377429e-03     -6.100000000e-01     1.168922823e+00     4.868630692e+00     -6.176971498e-04     4.897730085e-03
433.3333333549999793     5.960172997e+02     8.153523694e+02     2.634657625e+00     3.199997783e+00     -7.029353351e-01     7.271935352e-03     -6.099999991e-01     1.132570793e+00     4.964787033e+00     6.176972346e-04     -8.253302046e-03
454.9999999999999432     5.394425830e+02     8.578640039e+02     2.792221547e+00     3.200000000e+00     -7.031141275e-01     7.272426174e-03     -6.100000000e-01     1.169174555e+00     5.073021976e+00     -6.176973189e-04     1.163211088e-02
476.6666666449999639     4.769009731e+02     8.909294276e+02     2.948376884e+00     3.200000000e+00     -6.946484539e-01     7.141912041e-03     -5.554325095e-01     1.105622793e+00     5.208511149e+00     5.654696426e-03     -1.749842739e-02
498.3333333550000361     4.112819429e+02     9.133877481e+02     3.091568402e+00     3.085103137e+00     -6.234170595e-01     6.075766011e-03     -2.327697454e-01     3.996431973e-01     5.599309232e+00     2.412955861e-02     -4.766891967e-02
520.0000000000000000     3.462267163e+02     9.251457657e+02     3.201848097e+00     2.931089447e+00     -4.858416034e-01     4.103897586e-03     2.867114286e-01     5.692254542e-01     6.420146034e+00     2.382254959e-02     6.332266642e-02
541.6666666450000776     2.811288297e+02     9.275548857e+02     3.258882979e+00     3.043098055e+00     -2.719039542e-01     1.160860259e-03     6.099999641e-01     1.324332229e+00     6.991882544e+00     6.019468968e-03     6.379497176e-03
563.3333333550000361     2.135339170e+02     9.232709481e+02     3.256238573e+00     3.200000000e+00     -5.707041573e-02     -1.404959779e-03     6.099999990e-01     7.281588644e-01     7.486931631e+00     -6.019465745e-03     -6.141088450e-02
585.0000000000000000     1.453255819e+02     9.167684343e+02     3.217404458e+00     3.123727315e+00     5.443173626e-02     -2.179728269e-03     3.874309853e-01     -2.086931673e-01     8.008994320e+00     -1.452536622e-02     -2.506776427e-02
606.6666666449999639     7.935599287e+01     9.117295906e+02     3.174609356e+00     2.982997170e+00     7.583050705e-02     -1.770589314e-03     -5.101776193e-02     -1.999592371e-01     8.248101184e+00     -2.594682569e-02     2.587397321e-02
628.3333333550000361     1.502635055e+01     9.092763696e+02     3.148510310e+00     2.959542828e+00     3.171897664e-02     -6.385538790e-04     -2.706226188e-01     8.120350187e-01     8.913971882e+00     5.675608202e-03     6.754088084e-02
650.0000000000000000     -4.953221948e+01     9.087109656e+02     3.141592654e+00     3.000000000e+00     0.000000000e+00     0.000000000e+00     0.000000000e+00     6.024201667e-01     1.030315400e+01     1.930494114e-02     -8.688994404e-02
