06 0
31 0
0.0000000000000000     0.000000000e+00     0.000000000e+00     0.000000000e+00     3.000000000e+00     0.000000000e+00     0.000000000e+00     0.000000000e+00     6.024201667e-01     0.000000000e+00     1.276169302e-02     -1.456527284e-02
16.6666661516666679     4.994137188e+01     9.780909385e-02     -2.279124427e-03     2.992930286e+00     1.855839444e-02     -2.734949396e-04     2.726168820e-01     5.641019270e-01     8.973188735e-02     1.995233382e-02     9.967083942e-03
33.3333323083333326     9.997618465e+01     5.158322870e-01     -1.414075261e-02     3.010368499e+00     8.100124903e-02     -1.149900486e-03     5.220629864e-01     8.349752979e-01     2.072010542e-01     9.981199623e-03     2.253772156e-02
49.9999984600000005     1.508368627e+02     1.227120744e+00     -4.466993636e-02     3.086888588e+00     1.849586905e-01     -2.513601678e-03     6.088374879e-01     1.054981082e+00     3.043454555e-01     4.317408797e-04     3.862973308e-03
66.6666645966666636     2.031256248e+02     1.501851834e+00     -9.744528597e-02     3.168842998e+00     2.957421749e-01     -3.819440470e-03     6.099999988e-01     1.016641653e+00     3.652448093e-01     -2.922395601e-04     -8.463704913e-03
83.3333307833333237     2.564706913e+02     6.091098533e-02     -1.682300139e-01     3.199998475e+00     3.822446663e-01     -4.674727137e-03     6.099999732e-01     9.261570708e-01     4.189895265e-01     2.922364861e-04     -2.394445268e-03
99.9999969200000010     3.100514258e+02     -4.270874111e+00     -2.507266559e-01     3.199999997e+00     4.470615035e-01     -5.224870219e-03     6.099999984e-01     9.584944532e-01     4.671747329e-01     -2.922334695e-04     6.274931281e-03
116.6666630566666640     3.633307872e+02     -1.228190919e+01     -3.414397795e-01     3.199997759e+00     4.998958776e-01     -5.660704947e-03     6.099999478e-01     1.009185068e+00     5.189024214e-01     2.922273968e-04     -1.920573434e-04
133.3333292433333384     4.159135911e+02     -2.452138860e+01     -4.386061674e-01     3.199999908e+00     5.419966239e-01     -5.999261953e-03     6.099999983e-01     1.027297209e+00     5.712308824e-01     -2.922213350e-04     2.365514341e-03
149.9999953800000014     4.673026024e+02     -4.137675626e+01     -5.407471568e-01     3.199997920e+00     5.749469662e-01     -6.257657153e-03     6.099999818e-01     1.063113488e+00     6.266613572e-01     2.922193538e-04     1.932439292e-03
166.6666615166666645     5.169282294e+02     -6.307073998e+01     -6.466629396e-01     3.199999640e+00     6.003950941e-01     -6.452237180e-03     6.099999918e-01     1.069650289e+00     6.839556614e-01     -2.922181484e-04     -1.148023119e-03
183.3333277033333104     5.641798937e+02     -8.966690294e+01     -7.554074143e-01     3.199997862e+00     6.198440621e-01     -6.597100181e-03     6.099999762e-01     1.095128525e+00     7.441399673e-01     2.922162787e-04     4.205411472e-03
199.9999938400000019     6.084351698e+02     -1.210811383e+02     -8.662510316e-01     3.199999741e+00     6.345976654e-01     -6.704134303e-03     6.099999986e-01     1.094138093e+00     8.070973748e-01     -2.922135895e-04     -4.324263242e-03
216.6666599766666650     6.490367937e+02     -1.570638726e+02     -9.780778443e-01     3.193898482e+00     6.413149449e-01     -6.715083638e-03     5.875096651e-01     1.071187916e+00     8.679654285e-01     -2.406626518e-03     1.570241851e-03
233.3333261633333393     6.854095480e+02     -1.973206038e+02     -1.089158073e+00     3.199999997e+00     6.389912019e-01     -6.614544196e-03     5.247416101e-01     1.122078174e+00     9.327204441e-01     -5.125540310e-03     4.536589302e-03
249.9999923000000024     7.170261533e+02     -2.414231452e+02     -1.196375295e+00     3.199997779e+00     6.178085336e-01     -6.251522880e-03     4.270738644e-01     9.673398571e-01     1.039606430e+00     -6.594589541e-03     -2.310518789e-02
266.6666584366666370     7.432533555e+02     -2.881660248e+02     -1.294374354e+00     3.130951955e+00     5.690277392e-01     -5.508364524e-03     3.121303236e-01     5.788026285e-01     1.169901669e+00     -7.198635769e-03     -2.351928097e-02
283.3333246233333398     7.638593559e+02     -3.357253095e+02     -1.378960752e+00     3.002190907e+00     5.077219979e-01     -4.642003610e-03     1.928615332e-01     3.166238999e-01     1.240671458e+00     -7.113619530e-03     -7.942167437e-03
299.9999907600000029     7.793790925e+02     -3.828687554e+02     -1.449631854e+00     2.881993791e+00     4.464910240e-01     -3.838528859e-03     8.020220142e-02     3.834209635e-01     1.280966675e+00     -6.405500693e-03     1.595781531e-02
316.6666568966666659     7.906717256e+02     -4.295002020e+02     -1.507269309e+00     2.819027114e+00     3.853703365e-01     -3.077965981e-03     -1.728712679e-02     6.034304375e-01     1.329808793e+00     -5.293219052e-03     1.044332238e-02
333.3333230833333118     7.985014240e+02     -4.760211090e+02     -1.552638035e+00     2.800000013e+00     3.252200878e-01     -2.366281255e-03     -9.399191847e-02     6.125810961e-01     1.368269509e+00     -3.911356231e-03     -9.345243315e-03
349.9999892199999749     8.034869869e+02     -5.226669312e+02     -1.586600534e+00     2.800002873e+00     2.665439400e-01     -1.709218754e-03     -1.464633315e-01     6.586231634e-01     1.415949433e+00     -2.385213520e-03     1.487029156e-02
366.6666553566666380     8.060781038e+02     -5.701529334e+02     -1.608716736e+00     2.889012375e+00     1.983422364e-01     -9.447256233e-04     -1.758922061e-01     1.069860339e+00     1.573481817e+00     -1.146251548e-03     3.447817099e-02
383.3333215433333407     8.066107133e+02     -6.199602392e+02     -1.617165640e+00     3.080256496e+00     1.181449657e-01     -6.914279228e-05     -1.840214850e-01     1.182122581e+00     1.772979587e+00     1.707380463e-04     -2.100670156e-02
399.9999876800000038     8.057056752e+02     -6.723082574e+02     -1.613616576e+00     3.199996879e+00     5.318719025e-02     4.950304700e-04     -1.662825087e-01     7.277403003e-01     1.951878342e+00     1.957939185e-03     -3.351917374e-02
416.6666538166666669     8.042397099e+02     -7.256253049e+02     -1.603925063e+00     3.199999996e+00     1.392872716e-02     6.679511416e-04     -1.205826227e-01     5.632831668e-01     2.083868096e+00     3.526047297e-03     1.378431712e-02
433.3333200033333696     8.028032824e+02     -7.789395778e+02     -1.592657520e+00     3.199998366e+00     -1.035209445e-02     6.841540460e-04     -5.451974118e-02     7.249689317e-01     2.126054396e+00     4.401498731e-03     5.617975268e-03
449.9999861400000327     8.016634432e+02     -8.322609908e+02     -1.582276041e+00     3.199999859e+00     -1.974790359e-02     5.616234928e-04     1.759051014e-02     5.613752619e-01     2.205950362e+00     4.251731693e-03     -2.524921625e-02
466.6666522766666958     8.009606569e+02     -8.851010842e+02     -1.574935734e+00     3.141337475e+00     -1.485036200e-02     3.192132984e-04     6.970575628e-02     2.311859671e-01     2.287348925e+00     2.002098036e-03     -1.437350034e-02
483.3333184633333417     8.006707380e+02     -9.366724329e+02     -1.571535975e+00     3.047317238e+00     -4.682865250e-03     8.875780407e-05     5.783907538e-02     1.816279447e-01     2.313955699e+00     -3.426099787e-03     8.426537469e-03
499.9999846000000048     8.006129312e+02     -9.870667058e+02     -1.570796327e+00     3.000000000e+00     0.000000000e+00     0.000000000e+00     0.000000000e+00     6.024201667e-01     2.479258023e+00     -3.514589472e-03     4.206853072e-02
