01 0
31 0
0.0000000000000000     0.000000000e+00     0.000000000e+00     0.000000000e+00     3.000000000e+00     0.000000000e+00     0.000000000e+00     0.000000000e+00     6.024201667e-01     0.000000000e+00     -2.342995061e-01     1.778232818e-01
5.0037374194996262     1.509710219e+01     -5.749670907e-02     1.025607513e-03     3.034305144e+00     -2.609352465e-02     4.099365840e-04     -6.099999915e-01     1.281888014e+00     2.401816890e+00     -9.518240691e-03     9.376085223e-02
10.0074748405003735     3.047717887e+01     -2.815778014e-01     5.242403600e-03     3.112713415e+00     -8.290314731e-02     1.275521998e-03     -6.099999983e-01     1.423987582e+00     2.688027749e+00     9.518237978e-03     -3.696348016e-02
15.0112122600000006     4.621924447e+01     -6.807466193e-01     1.350502042e-02     3.177472384e+00     -1.358872013e-01     2.027056106e-03     -6.099999899e-01     1.131827056e+00     2.910952002e+00     -9.518234594e-03     -7.981344143e-02
20.0149496749962594     6.218700612e+01     -1.148240966e+00     2.481674536e-02     3.199999973e+00     -1.733525928e-01     2.494254263e-03     -6.099999973e-01     8.234651494e-01     3.136772685e+00     9.518231638e-03     -4.343919167e-02
25.0186871050037354     7.822071715e+01     -1.583810935e+00     3.808294298e-02     3.199999998e+00     -2.021866329e-01     2.808261242e-03     -6.099995879e-01     7.597494059e-01     3.206017860e+00     -9.518068000e-03     1.797193065e-02
30.0224245200000013     9.426540783e+01     -1.936914507e+00     5.288190890e-02     3.199999999e+00     -2.303971857e-01     3.106903635e-03     -6.099999964e-01     8.539938415e-01     3.238145121e+00     9.517904693e-03     1.969768617e-02
35.0261619349962601     1.103174044e+02     -2.178820162e+00     6.911217982e-02     3.198169426e+00     -2.572287512e-01     3.380355612e-03     -6.099996764e-01     7.536652060e-01     3.351587668e+00     -9.517776789e-03     -5.979916517e-02
40.0298993650037360     1.263221842e+02     -2.276295875e+00     8.649706704e-02     3.176633974e+00     -2.786718849e-01     3.568405187e-03     -6.099999946e-01     4.035154069e-01     3.611816325e+00     9.517649620e-03     -8.015614013e-02
45.0336367799999948     1.421737331e+02     -2.202353903e+00     1.046862916e-01     3.133245479e+00     -2.962733079e-01     3.701850242e-03     -6.089878275e-01     1.287438240e-01     3.800276922e+00     -9.113085179e-03     -2.967039944e-02
50.0373741949962536     1.577935481e+02     -1.945796074e+00     1.234984544e-01     3.081223360e+00     -3.121484220e-01     3.817394360e-03     -6.099999916e-01     3.796225863e-02     3.827506853e+00     8.708521954e-03     -6.615103880e-03
55.0411116250037296     1.731559183e+02     -1.500501934e+00     1.428434551e-01     3.028548857e+00     -3.262657889e-01     3.914826215e-03     -6.099990798e-01     1.950148309e-02     3.832424516e+00     -8.708157543e-03     -7.636908043e-04
60.0448490400000026     1.882599218e+02     -8.556641156e-01     1.625585081e-01     2.977684014e+00     -3.368126261e-01     3.965304707e-03     -4.931389145e-01     2.375036615e-02     3.911329402e+00     5.541730935e-02     2.461974587e-03
65.0485864549962542     2.031137409e+02     1.736244919e-02     1.821493252e-01     2.931565729e+00     -3.372102384e-01     3.865168978e-03     -1.403426014e-01     5.991814094e-02     4.175248844e+00     8.559581084e-02     1.199432948e-02
70.0523238850037302     2.177312549e+02     1.166892645e+00     2.006974194e-01     2.892152772e+00     -3.229761575e-01     3.548527094e-03     2.531104365e-01     1.880478118e-01     4.529428981e+00     7.166785226e-02     3.921925755e-02
75.0560612999999961     2.321455372e+02     2.632193951e+00     2.173502447e-01     2.865778398e+00     -2.994121613e-01     3.107627646e-03     5.183038378e-01     5.144271320e-01     4.936403356e+00     3.433027635e-02     9.123495808e-02
80.0597987149962620     2.464558439e+02     4.449643615e+00     2.314395746e-01     2.872693774e+00     -2.651865307e-01     2.523894863e-03     6.099999645e-01     1.020741464e+00     5.493112304e+00     2.320778256e-03     1.111395031e-01
85.0635361450037379     2.608621798e+02     6.699786314e+00     2.418887437e-01     2.936262220e+00     -2.109180531e-01     1.652650854e-03     6.099999899e-01     1.460160197e+00     5.930308366e+00     -2.320768105e-03     6.449670495e-02
90.0672735599999896     2.755934717e+02     9.471814330e+00     2.474637942e-01     3.045099557e+00     -1.407544182e-01     5.757036815e-04     6.099999923e-01     1.596537641e+00     6.072280073e+00     2.320769044e-03     -9.986472729e-03
95.0710109749962555     2.907446414e+02     1.275244912e+01     2.478821309e-01     3.147518993e+00     -7.261156427e-02     -4.084939772e-04     6.099999916e-01     1.389118653e+00     6.241688590e+00     -2.320769305e-03     -7.291915222e-02
100.0747484050037315     3.062046574e+02     1.639187292e+01     2.441877251e-01     3.199999995e+00     -2.146903519e-02     -1.068164575e-03     6.099999877e-01     9.426763908e-01     6.674733390e+00     2.320767741e-03     -1.055243688e-01
105.0784858199999832     3.217585765e+02     2.019517877e+01     2.379087324e-01     3.199999997e+00     1.359630407e-02     -1.441556520e-03     6.099999704e-01     4.688920882e-01     7.137808459e+00     -2.320774649e-03     -8.384779958e-02
110.0822232349962491     3.372273793e+02     2.402773358e+01     2.300083498e-01     3.169522947e+00     4.304488795e-02     -1.716236130e-03     6.099999811e-01     1.704898564e-01     7.347233858e+00     2.320778914e-03     -3.542393941e-02
115.0859606650037392     3.525217966e+02     2.782838361e+01     2.207873945e-01     3.128495331e+00     7.120172048e-02     -1.969391034e-03     5.713843735e-01     5.370269411e-02     7.390060402e+00     -1.775548473e-02     -1.125603298e-02
120.0896980800000051     3.676265496e+02     3.155879014e+01     2.105440025e-01     3.088082045e+00     9.311259771e-02     -2.124905342e-03     3.247771160e-01     2.006474208e-02     7.564655664e+00     -8.081373936e-02     -2.189097815e-03
125.0934354949962568     3.825649992e+02     3.516250220e+01     2.001238481e-01     3.051144511e+00     9.941241704e-02     -2.040043176e-03     -1.300883083e-01     1.514902327e-02     7.983373206e+00     -1.009965301e-01     2.242789604e-04
130.0971729250037470     3.973596762e+02     3.857067372e+01     1.907673829e-01     3.014393546e+00     8.831857946e-02     -1.699747497e-03     -5.292946778e-01     4.408502550e-02     8.327622690e+00     -5.856674670e-02     1.134147672e-02
135.1009103399999844     4.120239144e+02     4.174859049e+01     1.833293919e-01     2.981003874e+00     6.965217693e-02     -1.273226633e-03     -6.024408281e-01     2.671864163e-01     8.590289777e+00     2.933014050e-02     7.783242355e-02
140.1046477549962503     4.266155431e+02     4.471212160e+01     1.780759013e-01     2.969287884e+00     4.737329863e-02     -8.266000347e-04     -6.099999951e-01     7.371604232e-01     9.096990555e+00     -3.235154886e-02     1.100167649e-01
145.1083851850037263     4.412543187e+02     4.749021135e+01     1.752703909e-01     2.985976913e+00     1.740196878e-02     -2.947659311e-04     -6.099986048e-01     9.637570959e-01     9.472690632e+00     3.235210458e-02     -1.944579621e-02
150.1121225999999922     4.559943755e+02     5.013908437e+01     1.745329252e-01     3.000000000e+00     0.000000000e+00     0.000000000e+00     0.000000000e+00     6.024201667e-01     1.102760346e+01     2.114650879e-01     -1.249810187e-01
