03 0
31 0
0.0000000000000000     0.000000000e+00     0.000000000e+00     0.000000000e+00     3.000000000e+00     0.000000000e+00     0.000000000e+00     0.000000000e+00     6.024201667e-01
9.3151875333333329     2.815543336e+01     9.905720777e-02    -1.946777795e-03     3.045012737e+00     2.719590430e-02    -4.179793012e-04     4.024380058e-01     1.092767021e+00
18.630375066666666     5.717081873e+01     5.452971688e-01    -1.166909881e-02     3.183547769e+00     1.116971217e-01    -1.669433530e-03     5.899285615e-01     1.503411838e+00
27.945562600000002     8.790710803e+01     1.455429037e+00    -3.578298142e-02     3.408033532e+00     2.429460396e-01    -3.507892745e-03     6.100000000e-01     1.783339139e+00
37.260750133333332     1.210452310e+02     2.519522900e+00    -7.767495411e-02     3.680809273e+00     3.944058359e-01    -5.486445267e-03     6.100000000e-01     1.928788637e+00
46.575937666666661     1.568507129e+02     3.007144167e+00    -1.369926382e-01     3.950274553e+00     5.416384508e-01    -7.249247676e-03     6.100000000e-01     1.965230765e+00
55.891125200000005     1.950932355e+02     1.962958397e+00    -2.107304133e-01     4.176411478e+00     6.670677591e-01    -8.582484075e-03     6.100000000e-01     1.924381765e+00
65.206312733333334     2.351380444e+02    -1.538448942e+00    -2.946415361e-01     4.339738957e+00     7.626345618e-01    -9.433497358e-03     6.100000000e-01     1.837683159e+00
74.521500266666663     2.761248080e+02    -8.188666451e+00    -3.845480828e-01     4.439202606e+00     8.284835354e-01    -9.869720384e-03     6.100000000e-01     1.734721556e+00
83.836687799999993     3.171607374e+02    -1.836584661e+01    -4.771654731e-01     4.486376740e+00     8.698642724e-01    -1.001552402e-02     6.100000000e-01     1.643559370e+00
93.151875333333322     3.574734865e+02    -3.217475608e+01    -5.704168849e-01     4.499999999e+00     8.944462240e-01    -1.000584677e-02     6.100000000e-01     1.590532405e+00
102.46706286666665     3.964877552e+02    -4.955292575e+01    -6.633832368e-01     4.500000000e+00     9.099721843e-01    -9.954320764e-03     6.100000000e-01     1.583227153e+00
111.78225040000001     4.338037940e+02    -7.037185870e+01    -7.559567054e-01     4.499227502e+00     9.216003747e-01    -9.921493506e-03     6.100000000e-01     1.595182329e+00
121.09743793333334     4.691070047e+02    -9.447929866e+01    -8.483217048e-01     4.499830506e+00     9.308750534e-01    -9.909561770e-03     6.100000000e-01     1.599127008e+00
130.41262546666667     5.020985980e+02    -1.216936838e+02    -9.406033239e-01     4.499999993e+00     9.379064674e-01    -9.903591472e-03     6.100000000e-01     1.599509996e+00
139.72781300000000     5.324909869e+02    -1.518004552e+02    -1.032848424e+00     4.500000000e+00     9.432811319e-01    -9.901720987e-03     6.100000000e-01     1.603467668e+00
149.04300053333333     5.600139520e+02    -1.845496261e+02    -1.125044831e+00     4.497948942e+00     9.468145930e-01    -9.893136967e-03     6.100000000e-01     1.590754515e+00
158.35818806666666     5.843917466e+02    -2.196446220e+02    -1.216607570e+00     4.490060911e+00     9.416249522e-01    -9.765670490e-03     5.651952115e-01     1.540375213e+00
167.67337559999999     6.053294985e+02    -2.567621014e+02    -1.305230821e+00     4.480612874e+00     9.109120099e-01    -9.262019746e-03     4.206170770e-01     1.459457026e+00
176.98856313333332     6.225704034e+02    -2.955789113e+02    -1.386430392e+00     4.479488394e+00     8.397754486e-01    -8.171782976e-03     1.980383736e-01     1.368252844e+00
186.30375066666664     6.360324154e+02    -3.357483678e+02    -1.455028762e+00     4.489248981e+00     7.299348965e-01    -6.556502446e-03    -4.212986373e-02     1.276710475e+00
195.61893819999997     6.459342684e+02    -3.768658112e+02    -1.507589697e+00     4.500000000e+00     5.993168426e-01    -4.728495272e-03    -2.398625562e-01     1.163391864e+00
204.93412573333330     6.527991770e+02    -4.184603440e+02    -1.543850820e+00     4.491630833e+00     4.707131039e-01    -3.056881547e-03    -3.631026978e-01     9.738664391e-01
214.24931326666663     6.573152084e+02    -4.600025447e+02    -1.566142860e+00     4.443633740e+00     3.573749133e-01    -1.729289324e-03    -4.084977057e-01     6.800643309e-01
223.56450080000002     6.601521309e+02    -5.009517585e+02    -1.577558907e+00     4.348340196e+00     2.604586246e-01    -7.217719166e-04    -3.750818039e-01     3.076429318e-01
232.87968833333335     6.618389499e+02    -5.409098235e+02    -1.580617524e+00     4.227628159e+00     1.726464566e-01     6.507724470e-05    -2.546412842e-01    -1.092344220e-01
242.19487586666668     6.628033070e+02    -5.797515293e+02    -1.578044726e+00     4.109657949e+00     1.057230294e-01     4.873105672e-04    -5.012859502e-02    -5.421801681e-01
251.51006340000001     6.634350248e+02    -6.173491617e+02    -1.573756473e+00     3.961819310e+00     7.142758059e-02     4.333909068e-04     2.020820255e-01    -9.562608650e-01
260.82525093333334     6.639593586e+02    -6.531613717e+02    -1.571027443e+00     3.726968178e+00     5.373775623e-02     1.525404215e-04     4.327272754e-01    -1.307774938e+00
270.14043846666664     6.643667271e+02    -6.863400040e+02    -1.570556649e+00     3.396584170e+00     3.377282482e-02    -5.145956921e-05     5.704176416e-01    -1.548151461e+00
279.45562600000000     6.645278189e+02    -7.161326564e+02    -1.570796327e+00     3.000000000e+00     0.000000000e+00     0.000000000e+00     6.099998296e-01    -1.681079177e+00
