09 0
31 0
0.0000000000000000     0.000000000e+00     0.000000000e+00     0.000000000e+00     3.000000000e+00     0.000000000e+00     0.000000000e+00     0.000000000e+00     6.024201667e-01     0.000000000e+00     8.830189466e-02
13.6225352719710795     4.350988388e+01     7.955912048e-01     -1.819977001e-02     3.385240717e+00     1.784419131e-01     -2.672009233e-03     6.100000000e-01     2.350000000e+00     3.465542494e+00     1.255590465e-03
27.2450705480289201     9.461391378e+01     2.675913314e+00     -8.581447118e-02     4.086146909e+00     5.113573803e-01     -7.254880265e-03     6.100000000e-01     2.350000000e+00     4.240334701e+00     -1.255590465e-03
40.8676058200000014     1.533543164e+02     2.568222798e+00     -1.994572568e-01     4.454357319e+00     7.218192708e-01     -9.429647734e-03     6.100000000e-01     1.688315259e+00     4.763296559e+00     1.255590465e-03
54.4901410797107957     2.148407677e+02     -3.358720339e+00     -3.294510397e-01     4.500000000e+00     8.039936826e-01     -9.655460930e-03     6.100000000e-01     1.502294278e+00     4.947840294e+00     -1.255590465e-03
68.1126763802892015     2.756214706e+02     -1.652510284e+01     -4.609412079e-01     4.496292454e+00     8.507752008e-01     -9.649340346e-03     6.100000000e-01     1.564571584e+00     5.047473468e+00     1.255590465e-03
81.7352116400000028     3.344183470e+02     -3.707938141e+01     -5.927826389e-01     4.500000000e+00     8.853024662e-01     -9.707031781e-03     6.100000000e-01     1.571869236e+00     5.148923291e+00     -1.255590465e-03
95.3577468997108042     3.902490686e+02     -6.490419957e+01     -7.253154307e-01     4.500000000e+00     9.084914457e-01     -9.750842853e-03     6.100000000e-01     1.579690602e+00     5.251374071e+00     1.255590465e-03
108.9802822002891958     4.420900639e+02     -9.968710859e+01     -8.584271432e-01     4.500000000e+00     9.246138583e-01     -9.792026354e-03     6.100000000e-01     1.592478674e+00     5.355023467e+00     -1.255590465e-03
122.6028174599999971     4.889917816e+02     -1.409403657e+02     -9.920548947e-01     4.500000000e+00     9.358424712e-01     -9.826605394e-03     6.100000000e-01     1.594642120e+00     5.459200312e+00     1.255590465e-03
136.2253527197107985     5.300800481e+02     -1.880166009e+02     -1.126098000e+00     4.499796196e+00     9.436139294e-01     -9.853006705e-03     6.100000000e-01     1.602280343e+00     5.563953257e+00     -1.255590465e-03
149.8478880202891901     5.645829233e+02     -2.401325491e+02     -1.260470185e+00     4.500000000e+00     9.491482134e-01     -9.874919440e-03     6.100000000e-01     1.603940423e+00     5.669210748e+00     1.255590465e-03
163.4704232800000057     5.918474718e+02     -2.963892343e+02     -1.395096831e+00     4.500000000e+00     9.529723692e-01     -9.890365609e-03     6.100000000e-01     1.607019270e+00     5.774776845e+00     -1.255590465e-03
177.0929585397107928     6.113528422e+02     -3.557924530e+02     -1.529905914e+00     4.500000000e+00     9.556479244e-01     -9.901703936e-03     6.100000000e-01     1.607799166e+00     5.880584440e+00     1.255590465e-03
190.7154938402892128     6.227241424e+02     -4.172791842e+02     -1.664848304e+00     4.500000000e+00     9.575210882e-01     -9.909937211e-03     6.100000000e-01     1.609747723e+00     5.986574035e+00     -1.255590465e-03
204.3380291000000000     6.257384416e+02     -4.797399316e+02     -1.799887183e+00     4.500000000e+00     9.588332132e-01     -9.915870060e-03     6.100000000e-01     1.609727061e+00     6.092692663e+00     1.255590465e-03
217.9605643597107871     6.203286893e+02     -5.420417806e+02     -1.934995428e+00     4.500000000e+00     9.597527396e-01     -9.920121109e-03     6.100000000e-01     1.611106950e+00     6.198909214e+00     -1.255590465e-03
231.5830996602892071     6.065845463e+02     -6.030510673e+02     -2.070153288e+00     4.500000000e+00     9.603973801e-01     -9.923154431e-03     6.100000000e-01     1.610685399e+00     6.305200888e+00     1.255590465e-03
245.2056349199999943     5.847502714e+02     -6.616554471e+02     -2.205346505e+00     4.500000000e+00     9.608494463e-01     -9.925311905e-03     6.100000000e-01     1.611781513e+00     6.411552662e+00     -1.255590465e-03
258.8281701797108099     5.552197890e+02     -7.167851286e+02     -2.340564843e+00     4.500000000e+00     9.611665514e-01     -9.926842713e-03     6.100000000e-01     1.611160422e+00     6.517956075e+00     1.255590465e-03
272.4507054802891730     5.185453171e+02     -7.674156379e+02     -2.475698195e+00     4.496647460e+00     9.603936427e-01     -9.912834664e-03     6.100000000e-01     1.597138720e+00     6.623494722e+00     -1.255590465e-03
286.0732407399999602     4.753826363e+02     -8.126433805e+02     -2.610863523e+00     4.500000000e+00     9.616047355e-01     -9.931537213e-03     6.100000000e-01     1.637857881e+00     6.734417986e+00     1.255590465e-03
299.6957759997107473     4.265015549e+02     -8.516583896e+02     -2.746153058e+00     4.500000000e+00     9.617101453e-01     -9.931070165e-03     6.100000000e-01     1.585613509e+00     6.859770393e+00     -1.255590465e-03
313.3183113002892242     3.733958194e+02     -8.834663223e+02     -2.878693693e+00     4.409035354e+00     9.352544272e-01     -9.527956011e-03     6.099999983e-01     1.177326147e+00     7.092635182e+00     1.255590213e-03
326.9408465600000113     3.183055696e+02     -9.071792138e+02     -2.998576656e+00     4.236196773e+00     8.372440001e-01     -8.072726966e-03     1.870970633e-01     8.335821494e-01     7.548287978e+00     -6.334431695e-02
340.5633818197107985     2.626453817e+02     -9.227965804e+02     -3.089859837e+00     4.137172832e+00     6.473291332e-01     -5.329063472e-03     -4.334519045e-01     1.087727035e+00     8.039445015e+00     -2.776192067e-02
354.1859171202892185     2.057364429e+02     -9.313555731e+02     -3.137178373e+00     4.258659841e+00     3.774027728e-01     -1.618033312e-03     -6.100000000e-01     1.648534829e+00     8.403126071e+00     1.841915034e-03
367.8084523800000056     1.460895975e+02     -9.351229301e+02     -3.142423888e+00     4.500000000e+00     1.606492338e-01     8.479101410e-04     -1.813091882e-01     1.453600855e+00     9.178806318e+00     6.109656201e-02
381.4309876397107928     8.479402716e+01     -9.372539949e+02     -3.134531275e+00     4.500000000e+00     1.241919824e-01     3.108481955e-04     5.109982694e-01     -1.789586291e-01     1.190964779e+01     4.054493772e-02
395.0535229402892128     2.705144080e+01     -9.392433214e+02     -3.137003329e+00     3.979081394e+00     1.178392488e-01     -6.737842169e-04     6.100000000e-01     -1.901223713e+00     1.459705121e+01     -2.600994425e-02
408.6760581999999999     -2.048098147e+01     -9.401703298e+02     -3.141592654e+00     3.000000000e+00     0.000000000e+00     0.000000000e+00     6.100000000e-01     -2.350000000e+00     1.534230495e+01     2.600994425e-02
