01 0
31 0
0.0000000000000000     2.496391144e-10     7.739165105e-11     0.000000000e+00     3.000000000e+00     0.000000000e+00     0.000000000e+00     0.000000000e+00     6.024201667e-01     0.000000000e+00     -8.280452288e-05     3.264660895e-04
3.3333333330000001     1.000000000e+01     -7.799181793e-05     1.234166739e-06     3.000000000e+00     -5.049764593e-05     7.405001486e-07     -3.500139639e-04     6.024564414e-01     3.633026778e-03     -1.272038555e-04     -3.047012292e-04
6.6666666670000003     2.000000000e+01     -3.148678047e-04     5.145481111e-06     3.000000000e+00     -1.107668942e-04     1.606287569e-06     -6.549733068e-04     6.024202846e-01     7.265550380e-03     -5.577175031e-05     2.830071309e-04
10.0000000000000000     3.000000001e+01     -7.082677871e-04     1.203926004e-05     3.000000000e+00     -1.768272888e-04     2.529978506e-06     -7.395633169e-04     6.024565917e-01     1.089739554e-02     5.017744299e-06     -2.612228798e-04
13.3333333300000003     4.000000002e+01     -1.237367977e-03     2.194573744e-05     3.000000000e+00     -2.425878038e-04     3.413911349e-06     -6.388505494e-04     6.024203697e-01     1.452886157e-02     5.540991619e-05     2.394897029e-04
16.6666666699999979     5.000000004e+01     -1.863864232e-03     3.460377285e-05     3.000000000e+00     -3.029585382e-04     4.180907467e-06     -3.870170498e-04     6.024566091e-01     1.816013284e-02     9.569018354e-05     -2.177460543e-04
20.0000000000000000     6.000000008e+01     -2.537874239e-03     4.952673987e-05     3.000000000e+00     -3.538389993e-04     4.772873536e-06     -1.721667681e-05     6.024203738e-01     2.179130273e-02     1.261900403e-04     1.960048660e-04
23.3333333299999985     7.000000013e+01     -3.203147865e-03     6.606385382e-05     3.000000000e+00     -3.920968374e-04     5.149387569e-06     4.385854403e-04     6.024566754e-01     2.542239767e-02     1.472912300e-04     -1.742239201e-04
26.6666666700000015     8.000000020e+01     -3.801609313e-03     8.345672368e-05     3.000000000e+00     -4.155417515e-04     5.286336578e-06     9.497896136e-04     6.024205730e-01     2.905339967e-02     1.594312739e-04     1.525624744e-04
30.0000000000000000     9.000000029e+01     -4.277249974e-03     1.008914170e-04     3.000000000e+00     -4.228871448e-04     5.174477704e-06     1.487356445e-03     6.024570559e-01     3.268426448e-02     1.631088250e-04     -1.306727501e-04
33.3333333299999950     1.000000004e+02     -4.579390152e-03     1.175456416e-04     3.000000000e+00     -4.137081409e-04     4.818056482e-06     2.024020883e-03     6.024211511e-01     3.631494047e-02     1.588898376e-04     1.091298814e-04
36.6666666699999979     1.100000005e+02     -4.665328867e-03     1.326312554e-04     3.000000000e+00     -3.883857036e-04     4.233309402e-06     2.534527908e-03     6.024578123e-01     3.994538174e-02     1.474143773e-04     -8.713317718e-05
40.0000000000000000     1.200000005e+02     -4.502396760e-03     1.454317196e-04     3.000000000e+00     -3.480439700e-04     3.446967944e-06     2.995929651e-03     6.024220330e-01     4.357556012e-02     1.294266688e-04     6.566560621e-05
43.3333333300000021     1.300000006e+02     -4.069437896e-03     1.553345079e-04     3.000000000e+00     -2.944794808e-04     2.494713404e-06     3.387909330e-03     6.024587401e-01     4.720547354e-02     1.057611389e-04     -4.364132243e-05
46.6666666699999979     1.400000006e+02     -3.357737911e-03     1.618583017e-04     3.000000000e+00     -2.300789553e-04     1.419561098e-06     3.693019461e-03     6.024229108e-01     5.083514896e-02     7.730493966e-05     2.214372075e-05
50.0000000000000000     1.500000006e+02     -2.371405782e-03     1.646743713e-04     3.000000000e+00     -1.577197124e-04     2.700727930e-07     3.896948095e-03     6.024594677e-01     5.446464443e-02     4.505224059e-05     -2.095672238e-07
53.3333333300000021     1.600000005e+02     -1.127239944e-03     1.636222524e-04     3.000000000e+00     -8.067064166e-05     -9.013340583e-07     3.988931542e-03     6.024233972e-01     5.809404443e-02     1.013782738e-05     -2.143270744e-05
56.6666666699999979     1.700000004e+02     3.458919873e-04     1.587195124e-04     3.000000000e+00     -2.475535781e-06     -2.040308755e-06     3.962205880e-03     6.024596448e-01     6.172345416e-02     -2.617322441e-05     4.318125344e-05
60.0000000000000000     1.800000003e+02     2.008148696e-03     1.501646833e-04     3.000000000e+00     7.317695883e-05     -3.092589463e-06     3.814461707e-03     6.024232307e-01     6.535298905e-02     -6.247327923e-05     -6.502974095e-05
63.3333333299999950     1.900000001e+02     3.810259697e-03     1.383335604e-04     3.000000000e+00     1.425948685e-04     -4.006086402e-06     3.548048925e-03     6.024591415e-01     6.898276136e-02     -9.737439024e-05     8.657623294e-05
66.6666666699999979     1.999999999e+02     5.695480054e-03     1.237683715e-04     3.000000000e+00     2.022315444e-04     -4.733028429e-06     3.170221781e-03     6.024224407e-01     7.261286867e-02     -1.293218959e-04     -1.085966816e-04
70.0000000000000000     2.099999998e+02     7.601927009e-03     1.071594686e-04     3.000000000e+00     2.488531245e-04     -5.232313340e-06     2.694305861e-03     6.024581555e-01     7.624337566e-02     -1.562276565e-04     1.300255533e-04
73.3333333299999879     2.199999997e+02     9.465312613e-03     8.931829498e-05     3.000000000e+00     2.797449556e-04     -5.472389159e-06     2.140935998e-03     6.024213805e-01     7.987430155e-02     -1.757942613e-04     -1.520905663e-04
76.6666666700000121     2.299999995e+02     1.122207818e-02     7.114040235e-05     3.000000000e+00     2.929383346e-04     -5.434350360e-06     1.538493192e-03     6.024571554e-01     8.350560944e-02     -1.856714219e-04     1.735554804e-04
80.0000000000000000     2.399999995e+02     1.281289276e-02     5.355777742e-05     3.000000000e+00     2.874558709e-04     -5.115218406e-06     9.236016532e-04     6.024205611e-01     8.713720866e-02     -1.832635015e-04     -1.955120430e-04
83.3333333300000021     2.499999994e+02     1.418646044e-02     3.748020515e-05     3.000000000e+00     2.635706363e-04     -4.531327699e-06     3.419849047e-04     6.024565949e-01     9.076897132e-02     -1.657065476e-04     2.171323432e-04
86.6666666699999979     2.599999994e+02     1.530360245e-02     2.372437061e-05     3.000000000e+00     2.231008437e-04     -3.722165092e-06     -1.503381337e-04     6.024202703e-01     9.440076715e-02     -1.296872755e-04     -2.389271142e-04
90.0000000000000000     2.699999994e+02     1.614159956e-02     1.292986412e-05     3.000000000e+00     1.697347744e-04     -2.754564510e-06     -4.857621589e-04     6.024565051e-01     9.803253684e-02     -7.156713970e-05     2.606680149e-04
93.3333333300000021     2.799999994e+02     1.669875391e-02     5.460134580e-06     3.000000000e+00     1.093877453e-04     -1.727276415e-06     -5.844824617e-04     6.024202514e-01     1.016644066e-01     1.233495806e-05     -2.824202600e-04
96.6666666699999979     2.899999994e+02     1.699898239e-02     1.290675557e-06     3.000000000e+00     5.049691147e-05     -7.744023935e-07     -3.589508853e-04     6.024564385e-01     1.052968517e-01     1.229839877e-04     3.041325285e-04
100.0000000000000000     2.999999994e+02     1.708959731e-02     0.000000000e+00     3.000000000e+00     0.000000000e+00     0.000000000e+00     0.000000000e+00     6.024201667e-01     1.089298769e-01     9.238654346e-05     -3.258956405e-04
