01 0
31 0
0.0000000000000000     2.496391144e-10     7.739165105e-11     0.000000000e+00     -1.580744298e-01     1.548515420e-02     1.364774743e-04     0.000000000e+00     6.024201667e-01     0.000000000e+00     9.290143488e-06     -3.690922889e-01
0.0000000000000000     1.335467058e-09     -2.897731326e-11     8.202903728e-13     -1.580744298e-01     1.548515420e-02     1.364774743e-04     -1.011132972e-13     6.024201690e-01     -8.023345258e-09     2.014997498e-05     -3.117039971e-01
0.0000000000000000     2.421293990e-09     -1.353461765e-10     7.616982070e-13     -1.580744298e-01     1.548515420e-02     1.364774743e-04     -2.440539670e-13     6.024201711e-01     -1.459830232e-08     2.146859770e-05     -3.066896406e-01
0.0000000000000000     3.507120895e-09     -2.417150405e-10     7.031060398e-13     -1.580744299e-01     1.548515420e-02     1.364774743e-04     -3.826015719e-13     6.024201727e-01     -1.876850429e-08     1.887089120e-05     -1.647500653e-01
0.0000000000000000     4.592947816e-09     -3.480839030e-10     6.445138714e-13     -1.580744299e-01     1.548515420e-02     1.364774743e-04     -4.922182429e-13     6.024201727e-01     -2.063646637e-08     1.304507295e-05     1.643975730e-01
0.0000000000000000     5.678774766e-09     -4.544527671e-10     5.859217019e-13     -1.580744300e-01     1.548515420e-02     1.364774743e-04     -5.606190957e-13     6.024201709e-01     -2.607184057e-08     6.870501993e-06     3.619548100e-01
0.0000000000000000     6.764601660e-09     -5.608216277e-10     5.273295315e-13     -1.580744300e-01     1.548515420e-02     1.364774743e-04     -5.963764564e-13     6.024201684e-01     -3.535255216e-08     3.540600541e-06     3.728100461e-01
0.0000000000000000     7.850428534e-09     -6.671904874e-10     4.687373603e-13     -1.580744300e-01     1.548515421e-02     1.364774743e-04     -6.257182128e-13     6.024201658e-01     -4.510502691e-08     5.002536283e-06     3.804564783e-01
0.0000000000000000     8.936255393e-09     -7.735593433e-10     4.101451883e-13     -1.580744301e-01     1.548515421e-02     1.364774743e-04     -6.855439239e-13     6.024201632e-01     -5.516899562e-08     1.241630313e-05     3.847814874e-01
0.0000000000000000     1.002208227e-08     -8.799282017e-10     3.515530157e-13     -1.580744301e-01     1.548515421e-02     1.364774742e-04     -8.083040963e-13     6.024201631e-01     -6.444376862e-08     2.332652202e-05     -3.489540422e-01
0.0000000000000000     1.110790911e-08     -9.862970568e-10     2.929608426e-13     -1.580744301e-01     1.548515421e-02     1.364774742e-04     -9.834527192e-13     6.024201681e-01     -1.114852245e-07     2.766971453e-05     -1.116991858e+00
0.0000000000000000     1.219373594e-08     -1.092665908e-09     2.343686692e-13     -1.580744302e-01     1.548515421e-02     1.364774742e-04     -1.142010244e-12     6.024201728e-01     -1.562292125e-07     1.849586170e-05     -2.342561580e-01
0.0000000000000000     1.327956274e-08     -1.199034759e-09     1.757764955e-13     -1.580744302e-01     1.548515421e-02     1.364774742e-04     -1.221616174e-12     6.024201711e-01     -1.754222447e-07     4.682184531e-06     7.097391324e-01
0.0000000000000000     1.436538951e-08     -1.305403608e-09     1.171843217e-13     -1.580744302e-01     1.548515421e-02     1.364774742e-04     -1.237255305e-12     6.024201661e-01     -2.116321846e-07     -1.286982459e-07     7.418489399e-01
0.0000000000000000     1.545121627e-08     -1.411772455e-09     5.859214790e-14     -1.580744303e-01     1.548515421e-02     1.364774742e-04     -1.258363085e-12     6.024201631e-01     -2.312962181e-07     6.274436244e-06     1.482545917e-01
0.0000000000000000     1.653704298e-08     -1.518141295e-09     -2.579970896e-20     -1.580744303e-01     1.548515421e-02     1.364774742e-04     -1.331826038e-12     6.024201643e-01     -2.407903332e-07     1.511502398e-05     -5.042149527e-01
0.0000000000000000     1.762286967e-08     -1.624510135e-09     -5.859219927e-14     -1.580744303e-01     1.548515421e-02     1.364774742e-04     -1.442562225e-12     6.024201679e-01     -2.593178507e-07     1.712690488e-05     -5.338499819e-01
0.0000000000000000     1.870869634e-08     -1.730878966e-09     -1.171843724e-13     -1.580744304e-01     1.548515421e-02     1.364774742e-04     -1.532647516e-12     6.024201716e-01     -2.798691014e-07     9.102313640e-06     -5.596032181e-01
0.0000000000000000     1.979452298e-08     -1.837247801e-09     -1.757765451e-13     -1.580744304e-01     1.548515421e-02     1.364774742e-04     -1.545825686e-12     6.024201728e-01     -2.924302094e-07     -5.265356221e-06     2.288119889e-01
0.0000000000000000     2.088034953e-08     -1.943616630e-09     -2.343687171e-13     -1.580744304e-01     1.548515421e-02     1.364774741e-04     -1.476433379e-12     6.024201681e-01     -3.388566707e-07     -1.493888914e-05     1.139815242e+00
0.0000000000000000     2.196617609e-08     -2.049985452e-09     -2.929608885e-13     -1.580744305e-01     1.548515421e-02     1.364774741e-04     -1.381116685e-12     6.024201631e-01     -3.867961339e-07     -1.281349482e-05     3.104954588e-01
0.0000000000000000     2.305200259e-08     -2.156354271e-09     -3.515530590e-13     -1.580744305e-01     1.548515421e-02     1.364774741e-04     -1.314352797e-12     6.024201644e-01     -4.071921095e-07     -6.625459075e-06     -7.051405469e-01
0.0000000000000000     2.413782909e-08     -2.262723089e-09     -4.101452286e-13     -1.580744305e-01     1.548515421e-02     1.364774741e-04     -1.265963929e-12     6.024201696e-01     -4.460933777e-07     -7.463426502e-06     -7.969989204e-01
0.0000000000000000     2.522365548e-08     -2.369091896e-09     -4.687373972e-13     -1.580744306e-01     1.548515421e-02     1.364774741e-04     -1.184719379e-12     6.024201728e-01     -4.684553622e-07     -1.619171268e-05     -1.251625899e-01
0.0000000000000000     2.630948187e-08     -2.475460700e-09     -5.273295645e-13     -1.580744306e-01     1.548515421e-02     1.364774741e-04     -1.043023688e-12     6.024201704e-01     -4.918447844e-07     -2.506436767e-05     8.155501938e-01
0.0000000000000000     2.739530805e-08     -2.581829485e-09     -5.859217306e-13     -1.580744306e-01     1.548515422e-02     1.364774741e-04     -8.651056642e-13     6.024201640e-01     -5.517533282e-07     -2.673819962e-05     1.038728077e+00
0.0000000000000000     2.848113433e-08     -2.688198284e-09     -6.445138953e-13     -1.580744307e-01     1.548515422e-02     1.364774741e-04     -6.929333566e-13     6.024201631e-01     -6.087972060e-07     -2.339144548e-05     -7.627021531e-01
0.0000000000000000     2.956696043e-08     -2.794567070e-09     -7.031060584e-13     -1.580744307e-01     1.548515422e-02     1.364774741e-04     -5.284975472e-13     6.024201728e-01     -7.741532434e-07     -2.448564191e-05     -2.057320933e+00
0.0000000000000000     3.065278647e-08     -2.900935820e-09     -7.616982198e-13     -1.580744307e-01     1.548515422e-02     1.364774740e-04     -3.465086932e-13     6.024201696e-01     -1.220827207e-06     -2.850218616e-05     2.961851517e+00
0.0000000000000000     3.173861267e-08     -3.007304615e-09     -8.202903795e-13     -1.580744308e-01     1.548515422e-02     1.364774740e-04     -1.487922873e-13     6.024201631e-01     -1.559653436e-06     -2.906487262e-05     -1.045213071e+00
0.0000000000000000     3.282443844e-08     -3.113673399e-09     0.000000000e+00     -1.580744308e-01     1.548515422e-02     1.364774740e-04     0.000000000e+00     6.024201667e-01     -1.597182606e-06     -1.425743832e-05     -3.177253750e-03
