36 0
31 0
0.0000000000000000     0.000000000e+00     0.000000000e+00     0.000000000e+00     3.000000000e+00     0.000000000e+00     0.000000000e+00     0.000000000e+00     6.024201667e-01     0.000000000e+00     -2.230988307e-02     -7.938076127e-04
6.6666647593333339     2.000000002e+01     -1.689847729e-02     3.113644319e-04     3.000000000e+00     -6.003638209e-03     9.340935630e-05     -2.002208118e-01     6.108357043e-01     7.185752615e-02     -3.775637765e-02     3.318469639e-03
13.3333295206666680     4.000012857e+01     -9.480645672e-02     1.831737791e-03     3.000000000e+00     -2.379810611e-02     3.627027821e-04     -4.090273332e-01     6.387270930e-01     1.490464665e-01     -2.488559671e-02     5.048949367e-03
19.9999942800000028     6.000103779e+01     -2.696196058e-01     5.554624013e-03     3.000000000e+00     -5.080567397e-02     7.541634041e-04     -5.374314099e-01     6.690152651e-01     1.858358887e-01     -1.363563733e-02     4.037504836e-03
26.6666590333333353     8.000440801e+01     -5.382823520e-01     1.204031576e-02     3.000000000e+00     -8.258380360e-02     1.191544676e-03     -5.958017624e-01     6.918032251e-01     2.026004520e-01     -3.875473428e-03     2.798885137e-03
33.3333238066666624     1.000129896e+02     -8.656694853e-01     2.143855818e-02     3.000000000e+00     -1.160958515e-01     1.627928859e-03     -6.100000000e-01     7.080813606e-01     2.133116876e-01     -3.839990734e-04     2.084556923e-03
39.9999885600000056     1.200301170e+02     -1.200370975e+00     3.367367050e-02     3.000000000e+00     -1.497388593e-01     2.042605888e-03     -6.099999449e-01     7.234684285e-01     2.239278463e-01     3.840155996e-04     2.531564743e-03
46.6666533133333417     1.400589758e+02     -1.484478420e+00     4.856240380e-02     3.000000000e+00     -1.824252282e-01     2.424015380e-03     -5.913940945e-01     7.358021399e-01     2.357405668e-01     5.197741110e-03     1.168549752e-03
53.3333180866666652     1.601016074e+02     -1.655195375e+00     6.580876025e-02     3.000000000e+00     -2.123784206e-01     2.749893036e-03     -5.384218559e-01     7.395893655e-01     2.513826451e-01     1.069393502e-02     -3.238174428e-05
59.9999828400000013     1.801575281e+02     -1.643356736e+00     8.493643375e-02     3.000000000e+00     -2.371715384e-01     2.988410656e-03     -4.523674223e-01     7.345225242e-01     2.737565136e-01     1.512240245e-02     -1.487671084e-03
66.6666475933333373     2.002223200e+02     -1.375624213e+00     1.052664190e-01     3.000000000e+00     -2.544917692e-01     3.110586660e-03     -3.407316959e-01     7.224986969e-01     3.034647079e-01     1.836832508e-02     -2.119478145e-03
73.3333123666666609     2.202868871e+02     -7.810141229e-01     1.259659095e-01     3.000000000e+00     -2.627310359e-01     3.099262264e-03     -2.116805171e-01     7.066925038e-01     3.391044330e-01     2.034703963e-02     -2.622381127e-03
79.9999771200000112     2.403379253e+02     2.009221072e-01     1.461425813e-01     3.000000000e+00     -2.613232723e-01     2.953741033e-03     -7.372584926e-02     6.904713176e-01     3.778183889e-01     2.103937257e-02     -2.243976126e-03
86.6666418733333472     2.603596823e+02     1.612909275e+00     1.649518666e-01     3.000000000e+00     -2.507531082e-01     2.689046164e-03     6.472419450e-02     6.770141576e-01     4.162019616e-01     2.049565245e-02     -1.793173030e-03
93.3333066466666708     2.803365015e+02     3.475769531e+00     1.816844053e-01     3.000000000e+00     -2.322897136e-01     2.330716872e-03     1.957767824e-01     6.679973983e-01     4.511915121e-01     1.882013518e-02     -9.118555569e-04
99.9999714000000068     3.002553514e+02     5.787915863e+00     1.958140086e-01     3.000000000e+00     -2.076117316e-01     1.908165348e-03     3.123469615e-01     6.637548244e-01     4.805931377e-01     1.615092856e-02     -3.609169766e-04
106.6666361533333429     3.201076582e+02     8.527894337e+00     2.070062021e-01     3.000000000e+00     -1.784600270e-01     1.449493647e-03     4.083405178e-01     6.628955650e-01     5.034245981e-01     1.264714656e-02     1.031390990e-04
113.3333009266666664     3.398901377e+02     1.165871556e+01     2.150995999e-01     3.000000000e+00     -1.464042461e-01     9.785263887e-04     4.787497486e-01     6.634183073e-01     5.199468078e-01     8.475628728e-03     5.368364078e-05
119.9999656800000025     3.596047203e+02     1.513257986e+01     2.200749752e-01     3.000000000e+00     -1.127725558e-01     5.140866393e-04     5.196696486e-01     6.629146003e-01     5.316200581e-01     3.800344774e-03     -2.047957958e-04
126.6666304333333386     3.792579090e+02     1.889484240e+01     2.220270253e-01     3.000000000e+00     -7.873132088e-02     7.152855451e-05     5.282959571e-01     6.598087349e-01     5.409175247e-01     -1.212451462e-03     -7.269640947e-04
133.3332952066666621     3.988599318e+02     2.288655314e+01     2.211518191e-01     3.000000000e+00     -4.547795330e-02     -3.340904941e-04     5.030322183e-01     6.531989094e-01     5.510080366e-01     -6.366672352e-03     -1.255984119e-03
139.9999599600000124     4.184239118e+02     2.704543253e+01     2.177577824e-01     3.000000000e+00     -1.449099294e-02     -6.841207924e-04     4.438153132e-01     6.435287615e-01     5.652407420e-01     -1.139840427e-02     -1.645061086e-03
146.6666247133333343     4.379650420e+02     3.130581100e+01     2.122973005e-01     3.000000000e+00     1.229752740e-02     -9.540242475e-04     3.526869744e-01     6.319004093e-01     5.863788462e-01     -1.594010520e-02     -1.843445563e-03
153.3332894866666720     4.574994410e+02     3.559932044e+01     2.053911708e-01     3.000000000e+00     3.275124119e-02     -1.117815274e-03     2.345836869e-01     6.205587901e-01     6.155497744e-01     -1.949089119e-02     -1.559041177e-03
159.9999542400000223     4.770424275e+02     3.985834755e+01     1.978083229e-01     3.000000000e+00     4.511238230e-02     -1.157039752e-03     9.826464670e-02     6.121190011e-01     6.511955541e-01     -2.140483257e-02     -9.728962466e-04
166.6666189933333442     4.966065529e+02     4.402228844e+01     1.903904123e-01     3.000000000e+00     4.853760632e-02     -1.068334063e-03     -4.273755020e-02     6.092108787e-01     6.885124707e-01     -2.089583861e-02     1.004592828e-04
173.3332837666666819     5.162000455e+02     4.804504068e+01     1.839356989e-01     3.000000000e+00     4.347108722e-02     -8.680805133e-04     -1.691951667e-01     6.120328219e-01     7.202234866e-01     -1.704145720e-02     7.461239026e-04
179.9999485200000038     5.358260781e+02     5.190190587e+01     1.790643272e-01     3.000000000e+00     3.180291322e-02     -5.933314139e-04     -2.551666338e-01     6.170717135e-01     7.400476427e-01     -8.749990323e-03     7.655440383e-04
186.6666132733333541     5.554827509e+02     5.559482049e+01     1.760793463e-01     3.000000000e+00     1.700369405e-02     -3.021630888e-04     -2.664367783e-01     6.169696898e-01     7.512155247e-01     5.368946009e-03     -7.961511854e-04
193.3332780466666918     5.751630799e+02     5.915690502e+01     1.748025308e-01     3.000000000e+00     4.702815265e-03     -8.088169363e-05     -1.578699517e-01     6.074805396e-01     7.844978516e-01     2.720111129e-02     -2.050594680e-03
199.9999428000000137     5.948560345e+02     6.264795977e+01     1.745329252e-01     3.000000000e+00     0.000000000e+00     0.000000000e+00     0.000000000e+00     6.024201667e-01     8.301775988e-01     2.015988777e-02     5.324823702e-04
