17 0
31 0
0.0000000000000000     2.496391144e-10     7.739165105e-11     0.000000000e+00     3.000000000e+00     0.000000000e+00     0.000000000e+00     0.000000000e+00     6.024201667e-01     0.000000000e+00     -8.497679349e-03     -1.916954215e-04
13.3298320253336833     3.998954664e+01     -4.419325908e-02     9.429934185e-04     3.000000000e+00     -9.459714132e-03     1.414861668e-04     -1.565234140e-01     6.077873586e-01     3.449401312e-02     -1.498699978e-02     9.969856782e-04
26.6596640546663153     7.998020057e+01     -2.317904793e-01     5.563495419e-03     3.000000000e+00     -3.820723574e-02     5.517711813e-04     -3.311758543e-01     6.287928479e-01     7.351845350e-02     -1.121774759e-02     2.154665330e-03
39.9894960800000021     1.199773866e+02     -5.934661957e-01     1.696794595e-02     3.000000000e+00     -8.366280190e-02     1.159345734e-03     -4.584024455e-01     6.611330133e-01     1.034744184e-01     -7.871253816e-03     2.697633691e-03
53.3193280933368285     1.599942223e+02     -1.000514766e+00     3.708031918e-02     3.000000000e+00     -1.396354124e-01     1.858302680e-03     -5.436807550e-01     7.011372180e-01     1.290014113e-01     -4.923852589e-03     3.304573180e-03
66.6491601466631636     2.000491802e+02     -1.192950354e+00     6.662606546e-02     3.000000000e+00     -2.007246586e-01     2.574723366e-03     -5.921124005e-01     7.449415400e-01     1.533477606e-01     -2.342802444e-03     3.267801019e-03
79.9789921600000042     2.401562165e+02     -8.291369266e-01     1.054751426e-01     3.000000000e+00     -2.621606576e-01     3.254168855e-03     -6.100000000e-01     7.879134043e-01     1.786156234e-01     -3.410422500e-04     3.179671717e-03
93.3088241733368307     2.803098690e+02     4.765736097e-01     1.528467163e-01     3.000000000e+00     -3.197114078e-01     3.853433648e-03     -6.038149306e-01     8.257267417e-01     2.058648585e-01     1.269046355e-03     2.493818742e-03
106.6386562266631586     3.204693800e+02     3.121997528e+00     2.074199753e-01     3.000000000e+00     -3.695843534e-01     4.334705386e-03     -5.765623248e-01     8.536673699e-01     2.353129782e-01     2.819918263e-03     1.698376343e-03
119.9684882399999850     3.605462773e+02     7.486687273e+00     2.673948239e-01     3.000000000e+00     -4.084439685e-01     4.663884913e-03     -5.300732407e-01     8.683426134e-01     2.668504478e-01     4.155276034e-03     5.034883889e-04
133.2983202533368114     4.004003800e+02     1.389949079e+01     3.305833185e-01     3.000000000e+00     -4.338322335e-01     4.816878917e-03     -4.676734233e-01     8.684756432e-01     2.999983233e-01     5.207155123e-03     -4.835286812e-04
146.6281523066631394     4.398485226e+02     2.260562764e+01     3.945942307e-01     3.000000000e+00     -4.446504270e-01     4.787279939e-03     -3.931107223e-01     8.552293600e-01     3.340609024e-01     5.980187799e-03     -1.503935693e-03
159.9579843200000084     4.786861939e+02     3.374157909e+01     4.570807643e-01     3.000000000e+00     -4.412802803e-01     4.588162083e-03     -3.100851331e-01     8.312029126e-01     3.681242055e-01     6.476921799e-03     -2.100978073e-03
173.2878163333368207     5.167166915e+02     4.732599032e+01     5.159713797e-01     3.000000000e+00     -4.253253356e-01     4.247750519e-03     -2.222765091e-01     8.001510049e-01     4.012562408e-01     6.697831466e-03     -2.558031527e-03
186.6176483866631486     5.537792871e+02     6.326870153e+01     5.696234246e-01     3.000000000e+00     -3.991147933e-01     3.802170103e-03     -1.333560594e-01     7.657707662e-01     4.326013115e-01     6.643739463e-03     -2.600358853e-03
199.9474803999999892     5.897689426e+02     8.139375250e+01     6.168824910e-01     3.000000000e+00     -3.651676894e-01     3.288551869e-03     -4.697391067e-02     7.315851507e-01     4.615061824e-01     6.316986305e-03     -2.528830385e-03
213.2773124133368299     6.246443089e+02     1.014686763e+02     6.570635949e-01     3.000000000e+00     -3.258152237e-01     2.740196852e-03     3.327501154e-02     7.001202248e-01     4.875979272e-01     5.723513838e-03     -2.192148225e-03
226.6071444666631578     6.584252127e+02     1.232325840e+02     6.898842712e-01     3.000000000e+00     -2.830299551e-01     2.184197738e-03     1.039365473e-01     6.732386643e-01     5.107771251e-01     4.878500597e-03     -1.841144980e-03
239.9369764799999700     6.911833153e+02     1.464183627e+02     7.153814721e-01     3.000000000e+00     -2.384245482e-01     1.641386979e-03     1.618132345e-01     6.516368412e-01     5.312380151e-01     3.805282830e-03     -1.399979607e-03
253.2668084933368107     7.230298619e+02     1.707674949e+02     7.338372538e-01     3.000000000e+00     -1.933536662e-01     1.127707442e-03     2.040851405e-01     6.354833932e-01     5.493976563e-01     2.537168583e-03     -1.023674034e-03
266.5966405466631386     7.541033663e+02     1.960382004e+02     7.457277273e-01     3.000000000e+00     -1.490677132e-01     6.563320706e-04     2.284727575e-01     6.240703970e-01     5.658739361e-01     1.121934831e-03     -6.887250778e-04
279.9264725599999792     7.845586426e+02     2.220086495e+02     7.517005942e-01     3.000000000e+00     -1.068692737e-01     2.398332866e-04     2.334540761e-01     6.165852830e-01     5.814001506e-01     -3.745407673e-04     -4.343369310e-04
293.2563045733368199     8.145573664e+02     2.484772912e+02     7.525780511e-01     3.000000000e+00     -6.823200094e-02     -1.081801775e-04     2.185234574e-01     6.117648806e-01     5.967443281e-01     -1.865640314e-03     -2.889133488e-04
306.5861366266631762     8.442595542e+02     2.752622885e+02     7.493729537e-01     3.000000000e+00     -3.482848509e-02     -3.727107147e-04     1.845206471e-01     6.086881476e-01     6.125730807e-01     -3.236120940e-03     -1.727178259e-04
319.9159686400000169     8.738152029e+02     3.022017500e+02     7.433004963e-01     3.000000000e+00     -8.455081653e-03     -5.383971468e-04     1.340959409e-01     6.064290701e-01     6.292855161e-01     -4.329571729e-03     -1.662328062e-04
333.2458006533368575     9.033553180e+02     3.291564222e+02     7.357528209e-01     3.000000000e+00     9.289931584e-03     -5.940515459e-04     7.229953771e-02     6.048095329e-01     6.468322748e-01     -4.942323527e-03     -7.676158859e-05
346.5756327066631570     9.329818422e+02     3.560163374e+02     7.281871948e-01     3.000000000e+00     1.764425388e-02     -5.410904498e-04     7.323650927e-03     6.038077965e-01     6.646046054e-01     -4.806619544e-03     -7.353833344e-05
359.9054647199999977     9.627580902e+02     3.827103947e+02     7.219144900e-01     3.000000000e+00     1.728026864e-02     -4.000624152e-04     -4.846884312e-02     6.037107312e-01     6.815690128e-01     -3.564452791e-03     5.897471500e-05
373.2352967333368383     9.927025533e+02     4.092153015e+02     7.178156735e-01     3.000000000e+00     1.077957878e-02     -2.149215611e-04     -7.716550167e-02     6.038075798e-01     6.970299645e-01     -7.411766409e-04     -4.444360850e-05
386.5651287866631378     1.022786907e+03     4.355609890e+02     7.159841163e-01     3.000000000e+00     3.271481494e-03     -5.988417439e-05     -5.347861934e-02     6.030387522e-01     7.128575667e-01     4.295142255e-03     -7.091082693e-05
399.8949607999999785     1.052947814e+03     4.618189309e+02     7.155849933e-01     3.000000000e+00     0.000000000e+00     0.000000000e+00     0.000000000e+00     6.024201667e-01     7.295416594e-01     3.728757706e-03     -2.190137685e-05
