16 0
31 0
0.0000000000000000     2.496391144e-10     7.739165105e-11     0.000000000e+00     3.000000000e+00     0.000000000e+00     0.000000000e+00     0.000000000e+00     6.024201667e-01     0.000000000e+00     1.827265162e-02     -1.016982293e-03
11.7285945721604730     3.518587171e+01     6.009219191e-02     -1.239485152e-03     3.000000000e+00     1.396559100e-02     -2.113612411e-04     2.745110175e-01     6.186277138e-01     8.135617016e-02     2.853790454e-02     3.780748586e-03
23.4571891478395251     7.037352672e+01     3.100157733e-01     -7.074665199e-03     3.000000000e+00     5.359585663e-02     -7.836735879e-04     5.208990130e-01     6.658974955e-01     1.562132888e-01     1.347701788e-02     4.279856018e-03
35.1857837200000034     1.055704488e+02     7.733957145e-01     -2.057750398e-02     3.000000000e+00     1.083975374e-01     -1.518876594e-03     6.099993564e-01     7.047416609e-01     1.849725359e-01     1.716676962e-03     2.343983704e-03
46.9143782816047406     1.407911199e+02     1.272201169e+00     -4.255383345e-02     3.000000000e+00     1.661849949e-01     -2.228602158e-03     6.100000000e-01     7.316535778e-01     2.040914219e-01     -1.716567211e-03     2.245128288e-03
58.6429728783952626     1.760503697e+02     1.521971257e+00     -7.235874331e-02     3.000000000e+00     2.216469189e-01     -2.853832855e-03     6.023004484e-01     7.611881028e-01     2.246374677e-01     4.036133761e-04     2.791199761e-03
70.3715674400000069     2.113543597e+02     1.227973252e+00     -1.090605853e-01     3.000000000e+00     2.738469141e-01     -3.404690588e-03     6.071958787e-01     7.957159107e-01     2.470097549e-01     4.311721143e-04     3.096599963e-03
82.1001620016047440     2.466940163e+02     1.173006861e-01     -1.518625559e-01     3.000000000e+00     3.224677503e-01     -3.894047597e-03     6.099999969e-01     8.297839840e-01     2.712672997e-01     4.699569692e-05     2.712804239e-03
93.8287565983952589     2.820399401e+02     -2.062934569e+00     -2.000441749e-01     3.000000000e+00     3.667526308e-01     -4.322046623e-03     6.098219863e-01     8.612953669e-01     2.972788460e-01     -7.735068468e-05     2.660624392e-03
105.5573511599999961     3.173388716e+02     -5.545913423e+00     -2.529005510e-01     3.000000000e+00     4.063347406e-01     -4.691203142e-03     6.099692215e-01     8.902538923e-01     3.249933295e-01     1.024577382e-04     2.277482246e-03
117.2859457216047332     3.525124298e+02     -1.054016277e+01     -3.097580398e-01     3.000000000e+00     4.410701957e-01     -5.004330017e-03     6.072841826e-01     9.150506186e-01     3.542138583e-01     -5.603197466e-04     1.950940198e-03
129.0145403183952624     3.874551303e+02     -1.723148147e+01     -3.698456109e-01     3.000000000e+00     4.695430643e-01     -5.242007809e-03     5.825515323e-01     9.285017016e-01     3.851446533e-01     -3.657176261e-03     3.427844067e-04
140.7431348800000137     4.220291210e+02     -2.578914316e+01     -4.319636849e-01     3.000000000e+00     4.881415211e-01     -5.350578291e-03     5.199011539e-01     9.229280469e-01     4.190816672e-01     -7.026180205e-03     -1.293223045e-03
152.4717294416047366     4.560623985e+02     -3.635707420e+01     -4.942429249e-01     3.000000000e+00     4.926317093e-01     -5.269490405e-03     4.205342792e-01     8.974983281e-01     4.575432957e-01     -9.918198606e-03     -3.043139456e-03
164.2003240383952800     4.893623802e+02     -4.902296972e+01     -5.542816318e-01     3.000000000e+00     4.805300742e-01     -4.968514936e-03     2.935387946e-01     8.568345792e-01     4.999093690e-01     -1.173750512e-02     -3.890981869e-03
175.9289186000000029     5.217470741e+02     -6.378453702e+01     -6.095938766e-01     3.000000000e+00     4.522903554e-01     -4.463517937e-03     1.515169116e-01     8.090348537e-01     5.435063915e-01     -1.248055137e-02     -4.259990560e-03
187.6575131616047258     5.530821518e+02     -8.053617092e+01     -6.580946585e-01     3.000000000e+00     4.108722778e-01     -3.807001016e-03     6.901295876e-03     7.618836567e-01     5.849700076e-01     -1.217979727e-02     -3.780392573e-03
199.3861077583952692     5.833071328e+02     -9.908369343e+01     -6.983940579e-01     3.000000000e+00     3.603001054e-01     -3.064990196e-03     -1.285051284e-01     7.211777671e-01     6.214360386e-01     -1.091016861e-02     -3.160914732e-03
211.1147023199999921     6.124415343e+02     -1.191771818e+02     -7.298429717e-01     3.000000000e+00     3.044069609e-01     -2.297785988e-03     -2.440930036e-01     6.893589110e-01     6.513552039e-01     -8.800270598e-03     -2.264945262e-03
222.8432968816047435     6.405737969e+02     -1.405456824e+02     -7.524124174e-01     3.000000000e+00     2.462401576e-01     -1.550832965e-03     -3.310703230e-01     6.663045877e-01     6.746647600e-01     -6.031398931e-03     -1.666356678e-03
234.5718914783952584     6.678418986e+02     -1.629230328e+02     -7.665206794e-01     3.000000000e+00     1.880772044e-01     -8.549560399e-04     -3.830403731e-01     6.499470033e-01     6.927471116e-01     -2.830711485e-03     -1.122994476e-03
246.3004860399999814     6.944138963e+02     -1.860617612e+02     -7.728965398e-01     3.000000000e+00     1.318112873e-01     -2.322774468e-04     -3.964016541e-01     6.381241702e-01     7.079512835e-01     5.523002201e-04     -8.930753992e-04
258.0290806016047327     7.204726541e+02     -2.097370587e+02     -7.725238071e-01     3.000000000e+00     7.947320335e-02     2.958370966e-04     -3.705173145e-01     6.288578986e-01     7.230392937e-01     3.861585761e-03     -6.870408720e-04
269.7576751983953045     7.462048376e+02     -2.337449508e+02     -7.666678323e-01     3.000000000e+00     3.364163235e-02     7.027437119e-04     -3.078503657e-01     6.211352965e-01     7.404408384e-01     6.824596356e-03     -6.298436159e-04
281.4862697600000274     7.717916977e+02     -2.578992170e+02     -7.569461366e-01     3.000000000e+00     -2.429305005e-03     9.550330509e-04     -2.143740531e-01     6.143686924e-01     7.615119952e-01     9.115303688e-03     -5.240208204e-04
293.2148643216047503     7.973971921e+02     -2.820329911e+02     -7.453290926e-01     3.000000000e+00     -2.565440221e-02     1.025944963e-03     -1.005369563e-01     6.091834827e-01     7.857948076e-01     1.029658682e-02     -3.601788525e-04
304.9434589183952653     8.231510063e+02     -3.060097782e+02     -7.339393719e-01     3.000000000e+00     -3.462448345e-02     9.162691049e-04     1.718041933e-02     6.066678587e-01     8.106294416e-01     9.776982072e-03     -6.879392896e-05
316.6720534799999882     8.491316315e+02     -3.297407387e+02     -7.246696319e-01     3.000000000e+00     -3.059898185e-02     6.644386132e-04     1.144823565e-01     6.072328781e-01     8.319228619e-01     6.815276533e-03     1.651429646e-04
328.4006480416047680     8.753564254e+02     -3.532003741e+02     -7.187262874e-01     3.000000000e+00     -1.802055873e-02     3.490407934e-04     1.577503023e-01     6.078918188e-01     8.476552587e-01     5.629213382e-04     -5.277815094e-05
340.1292426383952829     9.017794647e+02     -3.764355165e+02     -7.161322009e-01     3.000000000e+00     -5.139979154e-03     9.331169785e-05     1.039514981e-01     6.046427482e-01     8.661814712e-01     -9.736877150e-03     -5.012644627e-04
351.8578372000000059     9.283084073e+02     -3.995494694e+02     -7.155849933e-01     3.000000000e+00     0.000000000e+00     0.000000000e+00     0.000000000e+00     6.024201667e-01     8.883164123e-01     -7.989287290e-03     1.222622703e-04
