15 0
31 0
0.0000000000000000     0.000000000e+00     0.000000000e+00     0.000000000e+00     3.000000000e+00     0.000000000e+00     0.000000000e+00     0.000000000e+00     6.024201667e-01     0.000000000e+00     1.843536112e-02     -1.636209676e-03
11.8570231621476321     3.557116363e+01     6.199241060e-02     -1.282507002e-03     3.000000000e+00     1.430418846e-02     -2.163286661e-04     2.782094347e-01     6.190788777e-01     8.287779761e-02     2.849200520e-02     4.446141109e-03
23.7140463278523690     7.114421334e+01     3.178629567e-01     -7.290265321e-03     3.000000000e+00     5.457471873e-02     -7.970383882e-04     5.213450795e-01     6.662265785e-01     1.569085951e-01     1.251924043e-02     3.506563403e-03
35.5710694900000064     1.067269343e+02     7.864921391e-01     -2.111136200e-02     3.000000000e+00     1.096978441e-01     -1.534254465e-03     6.029836392e-01     7.034560360e-01     1.841735796e-01     1.251258041e-03     2.773167511e-03
47.4280926414763115     1.423342039e+02     1.281232013e+00     -4.351864653e-02     3.000000000e+00     1.677805102e-01     -2.245325657e-03     6.099810306e-01     7.324443617e-01     2.033308631e-01     -7.096323705e-05     2.116478952e-03
59.2851158285236934     1.779812406e+02     1.512701184e+00     -7.390485692e-02     3.000000000e+00     2.240608813e-01     -2.880110967e-03     6.089353735e-01     7.644085680e-01     2.241672488e-01     -1.054144439e-04     3.275128341e-03
71.1421389800000128     2.136741741e+02     1.179588990e+00     -1.113675611e-01     3.000000000e+00     2.770038789e-01     -3.438963165e-03     6.080134171e-01     7.980936681e-01     2.468683933e-01     -5.009784180e-05     2.406753130e-03
82.9991621314763108     2.494025978e+02     -2.652422350e-03     -1.550508735e-01     3.000000000e+00     3.259092028e-01     -3.929380770e-03     6.099111740e-01     8.322248940e-01     2.715323411e-01     3.702046412e-04     3.350379235e-03
94.8561853185236998     2.851343867e+02     -2.296736919e+00     -2.041749670e-01     3.000000000e+00     3.703033991e-01     -4.356694560e-03     6.097394307e-01     8.638771521e-01     2.980411235e-01     -3.991736850e-04     1.988609763e-03
106.7132084699999979     3.208123686e+02     -5.942075259e+00     -2.580053028e-01     3.000000000e+00     4.098051255e-01     -4.723212773e-03     6.086268335e-01     8.924268641e-01     3.261994017e-01     2.115048029e-04     2.827052932e-03
118.5702316214763101     3.563532762e+02     -1.115117957e+01     -3.158519117e-01     3.000000000e+00     4.444272047e-01     -5.034145045e-03     6.080479036e-01     9.177580104e-01     3.559507045e-01     -3.091566248e-04     1.445713672e-03
130.4272548085236849     3.916488318e+02     -1.810571585e+01     -3.770847499e-01     3.000000000e+00     4.743309424e-01     -5.294389767e-03     6.060271181e-01     9.392854482e-01     3.870353117e-01     -3.170219862e-05     2.185457055e-03
142.2842779600000256     4.265667530e+02     -2.695713826e+01     -4.410655624e-01     3.000000000e+00     4.990761556e-01     -5.497663450e-03     5.937776005e-01     9.536380901e-01     4.194332469e-01     -2.034502338e-03     2.354949424e-04
154.1413011114763378     4.609469504e+02     -3.783469011e+01     -5.068477467e-01     3.000000000e+00     5.157180853e-01     -5.598238684e-03     5.428003063e-01     9.498134075e-01     4.545021567e-01     -6.564164210e-03     -8.806286418e-04
165.9983242985236984     4.945947874e+02     -5.084878926e+01     -5.727242959e-01     3.000000000e+00     5.187704983e-01     -5.513580569e-03     4.413346272e-01     9.217946648e-01     4.957363768e-01     -1.055070141e-02     -3.845472043e-03
177.8553474500000107     5.272902264e+02     -6.606585895e+01     -6.361458909e-01     3.000000000e+00     5.038842303e-01     -5.184145853e-03     3.009885833e-01     8.749711096e-01     5.431234779e-01     -1.312236424e-02     -4.052556765e-03
189.7123706014763229     5.588258308e+02     -8.346383146e+01     -6.942431598e-01     3.000000000e+00     4.707160858e-01     -4.615492410e-03     1.388088083e-01     8.198256522e-01     5.935201947e-01     -1.423353661e-02     -5.249180553e-03
201.5693937885236835     5.890573730e+02     -1.029079931e+02     -7.445431508e-01     3.000000000e+00     4.226083554e-01     -3.868929062e-03     -2.815315572e-02     7.670737309e-01     6.418751190e-01     -1.392900667e-02     -3.648823691e-03
213.4264169399999957     6.179386272e+02     -1.241662140e+02     -7.854286100e-01     3.000000000e+00     3.645208486e-01     -3.027483067e-03     -1.839487777e-01     7.237225423e-01     6.837854711e-01     -1.235003822e-02     -3.663498806e-03
225.2834400914763080     6.455260088e+02     -1.469498615e+02     -8.162170320e-01     3.000000000e+00     3.011075142e-01     -2.165797172e-03     -3.146171475e-01     6.922636184e-01     7.171898499e-01     -9.690632183e-03     -1.642879271e-03
237.1404632785236970     6.719588547e+02     -1.709564569e+02     -8.369826205e-01     3.000000000e+00     2.358602310e-01     -1.336867562e-03     -4.086487656e-01     6.709271681e-01     7.419305771e-01     -6.170282782e-03     -1.956076401e-03
248.9974864300000092     6.974305646e+02     -1.958988365e+02     -8.483102412e-01     3.000000000e+00     1.712231439e-01     -5.738347430e-04     -4.574135533e-01     6.562037245e-01     7.603459904e-01     -2.055186124e-03     -5.274210794e-04
260.8545095814762931     7.221631808e+02     -2.215176820e+02     -8.511249882e-01     3.000000000e+00     1.092993368e-01     9.905334900e-05     -4.557208286e-01     6.444917412e-01     7.761081120e-01     2.340708830e-03     -1.448114113e-03
272.7115327685237389     7.463905203e+02     -2.475812007e+02     -8.466691581e-01     3.000000000e+00     5.276703648e-02     6.525400303e-04     -4.025160058e-01     6.338447586e-01     7.937063870e-01     6.633689224e-03     -3.477805951e-04
284.5685559200000512     7.703481838e+02     -2.738779535e+02     -8.366297129e-01     3.000000000e+00     5.676448222e-03     1.040877475e-03     -3.018540894e-01     6.234732838e-01     8.168433681e-01     1.034560061e-02     -1.401642450e-03
296.4255790714763634     7.942623157e+02     -3.002117165e+02     -8.232767580e-01     3.000000000e+00     -2.704714763e-02     1.211450902e-03     -1.643910903e-01     6.143719032e-01     8.467088912e-01     1.284116342e-02     -1.335456824e-04
308.2826022585236956     8.183274485e+02     -3.264094226e+02     -8.093376235e-01     3.000000000e+00     -4.192090865e-02     1.139752133e-03     -1.006888571e-02     6.090035069e-01     8.801438981e-01     1.318935071e-02     -7.719760851e-04
320.1396254100000078     8.426762053e+02     -3.523443214e+02     -7.974932013e-01     3.000000000e+00     -3.918091211e-02     8.581223921e-04     1.281409352e-01     6.094035018e-01     9.098113481e-01     1.012338453e-02     8.394457836e-04
331.9966485614763201     8.673552712e+02     -3.779634510e+02     -7.896547644e-01     3.000000000e+00     -2.389165871e-02     4.640369276e-04     2.008628798e-01     6.113951358e-01     9.294695178e-01     2.143091398e-03     -5.035041348e-04
343.8536717485237091     8.923147856e+02     -4.033078938e+02     -7.861509398e-01     3.000000000e+00     -6.991741925e-03     1.269756099e-04     1.391499220e-01     6.063777276e-01     9.522931794e-01     -1.255261105e-02     -3.428142255e-04
355.7106949000000213     9.174285273e+02     -4.284991898e+02     -7.853981634e-01     3.000000000e+00     0.000000000e+00     0.000000000e+00     0.000000000e+00     6.024201667e-01     9.817098708e-01     -1.091869707e-02     -3.247329064e-04
