34 0
31 0
0.0000000000000000     0.000000000e+00     0.000000000e+00     0.000000000e+00     3.000000000e+00     0.000000000e+00     0.000000000e+00     0.000000000e+00     6.024201667e-01     0.000000000e+00     2.255537789e-02     -7.983277001e-04
6.6666666660000002     2.000000549e+01     1.649303213e-02     -3.049184578e-04     3.000000000e+00     5.862664066e-03     -9.147577730e-05     2.021404699e-01     6.109882179e-01     7.307324497e-02     3.808676310e-02     3.368743063e-03
13.3333333340000006     4.000013645e+01     9.335769384e-02     -1.807647974e-03     3.000000000e+00     2.353446950e-02     -3.593431977e-04     4.122869446e-01     6.392504571e-01     1.512567932e-01     2.495717931e-02     5.109928692e-03
20.0000000000000000     6.000103326e+01     2.664928294e-01     -5.499301076e-03     3.000000000e+00     5.032763169e-02     -7.481528531e-04     5.405430309e-01     6.696109296e-01     1.880849500e-01     1.351964658e-02     3.998213069e-03
26.6666666600000006     8.000434357e+01     5.324321988e-01     -1.192938978e-02     3.000000000e+00     8.174589731e-02     -1.180873879e-03     5.976720473e-01     6.920002088e-01     2.046658729e-01     3.619058362e-03     2.718570689e-03
33.3333333399999958     1.000127497e+02     8.556959805e-01     -2.123439613e-02     3.000000000e+00     1.147506450e-01     -1.610628146e-03     6.099999999e-01     7.075136968e-01     2.152682911e-01     7.932741905e-05     1.935475727e-03
40.0000000000000000     1.200294791e+02     1.184920729e+00     -3.332835238e-02     3.000000000e+00     1.477896715e-01     -2.017558849e-03     6.099999999e-01     7.224770438e-01     2.258364168e-01     -7.932741806e-05     2.553528358e-03
46.6666666599999971     1.400576052e+02     1.463040591e+00     -4.802878289e-02     3.000000000e+00     1.799333597e-01     -2.392570425e-03     5.951855480e-01     7.353347345e-01     2.373726505e-01     -4.365008157e-03     1.303778845e-03
53.3333333400000029     1.600991349e+02     1.629078920e+00     -6.505800594e-02     3.000000000e+00     2.095963637e-01     -2.716196610e-03     5.472780816e-01     7.399950653e-01     2.522859732e-01     -1.000723177e-02     9.432042254e-05
60.0000000000000000     1.801537109e+02     1.616144011e+00     -8.397109367e-02     3.000000000e+00     2.344463478e-01     -2.957729831e-03     4.652454373e-01     7.355333140e-01     2.736867072e-01     -1.460256153e-02     -1.432845832e-03
66.6666666599999900     2.002172227e+02     1.352788214e+00     -1.041223331e-01     3.000000000e+00     2.521588610e-01     -3.087642122e-03     3.564716574e-01     7.237849062e-01     3.024930604e-01     -1.802957245e-02     -2.091676517e-03
73.3333333399999958     2.202809965e+02     7.689731481e-01     -1.247049308e-01     3.000000000e+00     2.610381538e-01     -3.087137307e-03     2.290716627e-01     7.078920485e-01     3.375513457e-01     -2.019042596e-02     -2.676180780e-03
80.0000000000000000     2.403321327e+02     -1.959599496e-01     -1.448396344e-01     3.000000000e+00     2.603825995e-01     -2.953273901e-03     9.159974929e-02     6.912609904e-01     3.761180975e-01     -2.105114806e-02     -2.313136649e-03
86.6666666600000042     2.603551250e+02     -1.585975180e+00     -1.636805374e-01     3.000000000e+00     2.505411321e-01     -2.698997099e-03     -4.740380912e-02     6.771929979e-01     4.147676938e-01     -2.064991947e-02     -1.907261106e-03
93.3333333399999958     2.803343261e+02     -3.423770848e+00     -1.805054518e-01     3.000000000e+00     2.326816528e-01     -2.348477359e-03     -1.798440955e-01     6.675330024e-01     4.503151823e-01     -1.908216644e-02     -9.907375289e-04
100.0000000000000000     3.002564876e+02     -5.709805618e+00     -1.947690139e-01     3.000000000e+00     2.084294501e-01     -1.930591371e-03     -2.983892140e-01     6.627716783e-01     4.803951054e-01     -1.648136912e-02     -4.376597117e-04
106.6666666600000042     3.201126744e+02     -8.424450333e+00     -2.061162622e-01     3.000000000e+00     1.795173840e-01     -1.473583239e-03     -3.966785502e-01     6.616136232e-01     5.038643100e-01     -1.300543176e-02     9.024318411e-05
113.3333333399999958     3.398992034e+02     -1.153208043e+01     -2.143677412e-01     3.000000000e+00     1.475392340e-01     -1.001860581e-03     -4.694449220e-01     6.620707214e-01     5.208591136e-01     -8.824479781e-03     4.688628162e-05
120.0000000000000000     3.596176582e+02     -1.498572282e+01     -2.194906730e-01     3.000000000e+00     1.138635024e-01     -5.350190788e-04     -5.125567802e-01     6.616802529e-01     5.327801997e-01     -4.109077672e-03     -1.640268372e-04
126.6666666599999900     3.792742992e+02     -1.873106506e+01     -2.215712849e-01     3.000000000e+00     7.969991056e-02     -8.916461527e-05     -5.230343565e-01     6.587808282e-01     5.421097410e-01     9.658047938e-04     -7.058005876e-04
133.3333333399999958     3.988792275e+02     -2.270910450e+01     -2.208017470e-01     3.000000000e+00     4.628456716e-02     3.200258446e-04     -4.991659330e-01     6.523917244e-01     5.520815414e-01     6.194722256e-03     -1.210930557e-03
140.0000000000000000     4.184455394e+02     -2.685725175e+01     -2.174901061e-01     3.000000000e+00     1.512582460e-02     6.734663101e-04     -4.408355704e-01     6.429089705e-01     5.661476673e-01     1.130438651e-02     -1.633895603e-03
146.6666666599999758     4.379884755e+02     -3.110937501e+01     -2.120909629e-01     3.000000000e+00     -1.181928255e-02     9.462765418e-04     -3.500955289e-01     6.314255322e-01     5.871716287e-01     1.591762595e-02     -1.811135897e-03
153.3333333400000242     4.575242499e+02     -3.539655791e+01     -2.052294726e-01     3.000000000e+00     -3.239130603e-02     1.112170436e-03     -2.319555941e-01     6.202079390e-01     6.163474164e-01     1.952435450e-02     -1.554142054e-03
160.0000000000000000     4.770682950e+02     -3.965062637e+01     -1.976803173e-01     3.000000000e+00     -4.482034063e-02     1.152576014e-03     -9.530639501e-02     6.119095432e-01     6.521206284e-01     2.147040523e-02     -9.353766952e-04
166.6666666600000042     4.966332609e+02     -4.381051030e+01     -1.902907359e-01     3.000000000e+00     -4.826979154e-02     1.064298291e-03     4.614162702e-02     6.091897263e-01     6.896213108e-01     2.096400138e-02     1.194316303e-04
173.3333333399999958     5.162274367e+02     -4.782983229e+01     -1.838626285e-01     3.000000000e+00     -4.320785911e-02     8.641338066e-04     1.729541081e-01     6.122302103e-01     7.214756780e-01     1.707974294e-02     7.927135792e-04
180.0000000000000000     5.358540172e+02     -5.168383349e+01     -1.790168903e-01     3.000000000e+00     -3.155288165e-02     5.895875457e-04     2.589689897e-01     6.174322982e-01     7.413380450e-01     8.724721554e-03     7.679127795e-04
186.6666666600000042     5.555111014e+02     -5.537452714e+01     -1.760549791e-01     3.000000000e+00     -1.679151025e-02     2.989856773e-04     2.697090188e-01     6.173141684e-01     7.525488952e-01     -5.502712835e-03     -8.033517085e-04
193.3333333399999958     5.751916963e+02     -5.893515452e+01     -1.747956429e-01     3.000000000e+00     -4.564398002e-03     7.881507157e-05     1.596424270e-01     6.075942481e-01     7.864709794e-01     -2.751726469e-02     -2.112624379e-03
200.0000000000000000     5.948847488e+02     -6.242568810e+01     -1.745329252e-01     3.000000000e+00     0.000000000e+00     0.000000000e+00     0.000000000e+00     6.024201667e-01     8.330296741e-01     -2.037546342e-02     5.603999437e-04
