04 0
11 0
0.0000000000000000     2.496391144e-10     7.739165105e-11     0.000000000e+00     3.000000000e+00     0.000000000e+00     0.000000000e+00     0.000000000e+00     6.024201667e-01     0.000000000e+00     2.922096797e-02     9.608903913e-02
20.0000000000000000     6.554067574e+01     1.248282279e+00     -3.720380523e-02     3.546965211e+00     2.569361864e-01     -3.720380523e-03     6.100000000e-01     2.350000000e+00     1.905130108e+00     3.177903203e-02     7.866894420e-02
40.0000000000000000     1.450927048e+02     1.949888583e+00     -1.631165294e-01     4.351592228e+00     6.607766964e-01     -8.870891890e-03     6.100000000e-01     2.053749637e+00     4.190962009e+00     -3.177903203e-02     -1.082939805e-01
60.0000000000000000     2.341729785e+02     -6.343896230e+00     -3.491394876e-01     4.500000000e+00     8.137891275e-01     -9.731403930e-03     6.100000000e-01     1.192890419e+00     5.784248046e+00     3.177903203e-02     2.220805873e-02
80.0000000000000000     3.222859545e+02     -2.987274416e+01     -5.438269997e-01     4.500000000e+00     8.766642391e-01     -9.737347286e-03     6.100000000e-01     1.844919092e+00     6.365205985e+00     -3.177903203e-02     4.299480858e-02
100.0000000000000000     4.031077526e+02     -6.795171201e+01     -7.343886176e-01     4.298229391e+00     8.766221891e-01     -9.318814506e-03     6.100000000e-01     -8.721728789e-06     1.202921487e+01     3.177903203e-02     -2.274875900e-01
120.0000000000000000     4.690469894e+02     -1.139898149e+02     -8.999558592e-01     3.610265338e+00     7.300498693e-01     -7.237909649e-03     5.445400122e-01     -1.224587189e+00     1.860025983e+01     -3.832503081e-02     1.050297433e-01
140.0000000000000000     5.209120411e+02     -1.670210700e+02     -1.000490932e+00     3.745206528e+00     4.138582380e-01     -2.815597645e-03     -3.197190908e-01     2.199994452e+00     2.590904797e+01     -4.810087949e-02     2.374284209e-01
160.0000000000000000     5.694349187e+02     -2.339021358e+02     -1.031984808e+00     4.500000000e+00     2.014505395e-01     -3.337899549e-04     1.408170152e-01     1.666228499e+00     4.134939426e+01     9.415449009e-02     -2.908050162e-01
180.0000000000000000     6.147400502e+02     -3.043608859e+02     -1.041260129e+00     3.871456435e+00     1.077356032e-01     -5.937421757e-04     6.100000000e-01     -2.350000000e+00     5.239280633e+01     -4.723619161e-02     -1.108178338e-01
200.0000000000000000     6.502258616e+02     -3.632097134e+02     -1.047197551e+00     3.000000000e+00     0.000000000e+00     0.000000000e+00     0.000000000e+00     6.024201667e-01     7.052795809e+01     -1.376380839e-02     4.060598504e-01
