02 0
11 0
0.0000000000000000     2.496391144e-10     7.739165105e-11     0.000000000e+00     3.000000000e+00     0.000000000e+00     0.000000000e+00     0.000000000e+00     6.024201667e-01     0.000000000e+00     2.520326908e-02     2.456730985e-02
49.9999999600000038     1.680653807e+02     -2.084007333e+00     -1.282641508e-01     3.702698376e+00     3.934944138e-01     -5.130566036e-03     6.099999983e-01     1.871944362e+00     7.716710793e-01     -8.032691304e-04     2.621365802e-02
99.9999999200000076     3.698935970e+02     -4.034187355e+01     -5.137460012e-01     4.499999995e+00     8.778633244e-01     -1.028870799e-02     6.099999975e-01     1.686773449e+00     1.702570607e+00     8.032690981e-04     -3.362049458e-02
149.9999998799999901     5.509054656e+02     -1.469590184e+02     -9.846504676e-01     3.945986954e+00     8.489251351e-01     -8.547470677e-03     6.099999979e-01     1.609814823e-01     2.388654873e+00     -8.032690829e-04     -2.741118413e-02
199.9999998400000152     6.578613545e+02     -3.002618817e+02     -1.388670283e+00     3.511011424e+00     7.650094266e-01     -7.613321937e-03     5.779587921e-01     1.505761084e+00     4.397165160e+00     -4.783791479e-04     8.120236825e-02
249.9999998000000119     6.847790065e+02     -4.981923640e+02     -1.860534014e+00     4.499999993e+00     1.016452614e+00     -1.126122735e-02     6.099999993e-01     2.349999989e+00     7.193157089e+00     1.760027433e-03     -4.743281202e-02
299.9999997599999801     6.119717069e+02     -7.062866710e+02     -2.406956968e+00     4.424138325e+00     1.017904660e+00     -1.059569081e-02     5.853769912e-01     2.503272517e-01     8.511220899e+00     -2.744947758e-03     -3.655409756e-02
349.9999997200000053     4.643596049e+02     -8.448618668e+02     -2.820598630e+00     3.709893444e+00     6.866351649e-01     -5.949975685e-03     2.726569100e-01     1.277159059e+00     1.050452538e+01     -9.763855499e-03     7.762736990e-02
399.9999996800000304     2.779766565e+02     -9.109262016e+02     -3.042303168e+00     4.212444041e+00     4.049314608e-01     -2.918205822e-03     -2.970542161e-02     1.431443696e+00     1.358872060e+01     -2.330637775e-03     -7.145598444e-02
449.9999996400000555     7.951011675e+01     -9.356907498e+02     -3.128425483e+00     3.789015018e+00     1.202015448e-01     -5.266868108e-04     2.086402620e-01     -1.337385403e+00     1.557564877e+01     1.186446513e-02     -3.929717961e-02
499.9999996000000237     -9.016748049e+01     -9.399427570e+02     -3.141592654e+00     3.000000000e+00     0.000000000e+00     0.000000000e+00     0.000000000e+00     6.024201667e-01     1.967616536e+01     -2.021007562e-02     1.168894025e-01
