11 0
11 0
0.0000000000000000     2.496391144e-10     7.739165105e-11     0.000000000e+00     3.000000000e+00     0.000000000e+00     0.000000000e+00     0.000000000e+00     6.024201667e-01     0.000000000e+00     -2.163883819e-02     1.399922872e-01
48.8770342900000045     1.745301508e+02     4.411682230e+00     1.817621157e-01     4.106007266e+00     -5.711001742e-01     7.437526368e-03     -6.100000000e-01     2.350000000e+00     6.484189781e+00     -3.321759714e-03     -6.848304532e-02
97.7540685800000091     3.767928289e+02     5.362485157e+01     6.336540322e-01     4.417543596e+00     -9.708343653e-01     1.105344482e-02     -6.100000000e-01     3.522878092e-01     8.092694270e+00     3.321759714e-03     -1.326136574e-02
146.6311028700000065     5.391634403e+02     1.758969838e+02     1.124762644e+00     3.942354171e+00     -8.962468257e-01     9.042234831e-03     -6.100000000e-01     1.793349385e+00     9.660890729e+00     -3.321759714e-03     7.222818306e-02
195.5081371600000182     6.203560705e+02     3.645263041e+02     1.622886703e+00     4.500000000e+00     -1.048788063e+00     1.134051000e-02     -6.100000000e-01     1.933890537e+00     1.253120212e+01     3.321759714e-03     -6.647737783e-02
244.3851714500000014     6.002095666e+02     5.810778284e+02     2.155437990e+00     4.500000000e+00     -1.014633396e+00     1.045096302e-02     -6.100000000e-01     1.373989708e+00     1.449305520e+01     -3.321759714e-03     4.356678853e-02
293.2622057400000131     4.737668613e+02     7.587623184e+02     2.664422659e+00     4.500000000e+00     -1.003492419e+00     1.037618725e-02     -6.100000000e-01     1.886464940e+00     1.548641452e+01     3.321759714e-03     -2.259680785e-02
342.1392400299999963     2.829246620e+02     8.555847461e+02     3.077292029e+00     4.328272863e+00     -7.271594030e-01     6.518019867e-03     2.041256506e-01     4.969748475e-01     1.639958132e+01     2.999145834e-02     -3.425975526e-02
391.0162743200000364     8.947820907e+01     8.768360789e+02     3.221127254e+00     3.642179600e+00     -1.556740919e-01     -6.324244385e-04     6.100000000e-01     5.932080031e-04     1.701567306e+01     -1.338348058e-02     1.394830852e-02
439.8933086100000196     -7.727843642e+01     8.703233469e+02     3.173632196e+00     3.183088897e+00     3.035086095e-02     -1.311026458e-03     -2.064825434e-01     2.249347983e-02     1.724667369e+01     -2.002617920e-02     -1.305217101e-02
488.7703429000000028     -2.283202763e+02     8.670900688e+02     3.141592654e+00     3.000000000e+00     0.000000000e+00     0.000000000e+00     0.000000000e+00     6.024201667e-01     1.794175432e+01     2.847524107e-02     3.678219863e-02
