05 0
11 0
0.0000000000000000     2.496391144e-10     7.739165105e-11     0.000000000e+00     3.000000000e+00     0.000000000e+00     0.000000000e+00     0.000000000e+00     6.024201667e-01     0.000000000e+00     6.017996863e-02     1.941771893e-01
14.0991310100000007     4.512232118e+01     8.350515821e-01     -1.942111926e-02     3.397782032e+00     1.844737040e-01     -2.754938478e-03     6.099999989e-01     2.349999996e+00     3.290200583e+00     2.635018680e-02     5.372175259e-02
28.1982620200000014     9.834521189e+01     2.721699839e+00     -9.132930497e-02     4.118191109e+00     5.269568895e-01     -7.445432829e-03     6.099999989e-01     2.349999996e+00     4.028587218e+00     -2.635018681e-02     -5.372175263e-02
42.2973930299999950     1.594821826e+02     2.235730513e+00     -2.108580586e-01     4.468822481e+00     7.334571444e-01     -9.510045282e-03     6.099999981e-01     1.599499127e+00     4.696910123e+00     2.635018669e-02     -5.273883257e-02
56.3965240400000027     2.224585726e+02     -4.595269245e+00     -3.416292617e-01     4.406724460e+00     7.699604877e-01     -9.040204803e-03     5.107936317e-01     9.966806083e-01     5.207954192e+00     -4.042287911e-02     -3.277261042e-02
70.4956550499999963     2.831451448e+02     -1.920411595e+01     -4.508918067e-01     4.354765146e+00     6.402385519e-01     -6.458983747e-03     -2.600866996e-01     1.348826908e+00     6.275718451e+00     -6.892858793e-02     8.272551872e-02
84.5947860599999899     3.416644390e+02     -4.181110911e+01     -5.125792339e-01     4.499999999e+00     3.688807607e-01     -2.291545223e-03     -6.099990276e-01     1.584592303e+00     7.382120612e+00     1.929257443e-02     -4.928155748e-02
98.6939170699999835     3.985726810e+02     -7.008275000e+01     -5.275642489e-01     4.499999998e+00     1.625787889e-01     1.658801690e-04     -9.579168325e-02     -5.259712905e-04     1.000863568e+01     5.364913292e-02     -1.755717718e-01
112.7930480800000055     4.513469191e+02     -9.875292122e+01     -5.249235791e-01     4.015969359e+00     8.159722415e-02     2.087060028e-04     5.781109518e-01     -1.774606638e+00     1.298334298e+01     4.194578493e-02     -7.608638574e-02
126.8921790899999991     4.964950750e+02     -1.239794270e+02     -5.235255340e-01     3.319515270e+00     2.664717287e-02     -1.038951321e-05     6.099999953e-01     -1.663386039e+00     1.433423048e+01     -3.742223759e-02     9.186332964e-02
140.9913100999999926     5.351711359e+02     -1.460901704e+02     -5.235987756e-01     3.000000000e+00     0.000000000e+00     0.000000000e+00     0.000000000e+00     6.024201667e-01     1.897861350e+01     -4.910791733e-02     2.295474302e-01
