06 0
11 0
0.0000000000000000     2.496391144e-10     7.739165105e-11     0.000000000e+00     3.000000000e+00     0.000000000e+00     0.000000000e+00     0.000000000e+00     6.024201667e-01     0.000000000e+00     6.107951946e-03     1.453935887e-03
19.9999999400000021     6.004782253e+01     6.878328779e-02     -1.770090809e-03     3.004765374e+00     1.219706348e-02     -1.770083603e-04     1.364927722e-01     6.360616289e-01     3.301866562e-02     7.541325280e-03     1.910210334e-03
39.9999998800000043     1.203115088e+02     2.939685843e-01     -9.744725035e-03     3.021290504e+00     4.508350968e-02     -6.204547024e-04     2.200951048e-01     6.889675575e-01     6.665797983e-02     8.189079898e-04     3.380382530e-03
59.9999998199999993     1.811623699e+02     4.784190413e-01     -2.691394014e-02     3.062314784e+00     8.524473320e-02     -1.096466449e-03     2.016329046e-01     7.929402685e-01     1.066046054e-01     -2.665128010e-03     7.016888576e-03
79.9999997600000086     2.434119806e+02     4.055798254e-02     -5.186822542e-02     3.159625146e+00     1.173775657e-01     -1.398961720e-03     1.328932831e-01     9.787380569e-01     1.749805035e-01     -4.208834145e-03     1.156289027e-02
99.9999997000000036     3.085824841e+02     -1.807732312e+00     -8.002434486e-02     3.355900926e+00     1.304466188e-01     -1.416649866e-03     5.716306099e-02     1.214734175e+00     2.787471981e-01     -3.364188072e-03     1.203672154e-02
119.9999996399999986     3.784291355e+02     -5.810644478e+00     -1.062413028e-01     3.636402832e+00     1.242572544e-01     -1.205045567e-03     2.413590487e-02     1.318727178e+00     3.910742720e-01     6.147245733e-05     -1.637421222e-03
139.9999995800000079     4.527489561e+02     -1.216652253e+01     -1.292695843e-01     3.819327989e+00     1.198140537e-01     -1.097782230e-03     6.840514377e-02     9.275665471e-01     6.116959163e-01     4.365451435e-03     -3.747864187e-02
159.9999995200000171     5.280692636e+02     -2.039940199e+01     -1.516360109e-01     3.754271866e+00     1.187125900e-01     -1.138860062e-03     1.518354252e-01     -3.532892001e-01     1.606165821e+00     3.977576708e-03     -9.060693293e-02
179.9999994599999980     5.982772265e+02     -2.992033309e+01     -1.687787665e-01     3.329281276e+00     5.772845060e-02     -5.754151461e-04     1.306406216e-01     -1.414243307e+00     2.520162995e+00     -6.097057069e-03     -1.548847783e-02
199.9999994000000072     6.607381738e+02     -4.015317653e+01     -1.745329252e-01     3.000000000e+00     0.000000000e+00     0.000000000e+00     0.000000000e+00     6.024201667e-01     7.339235247e+00     -6.967005093e-03     2.171548253e-01
