01 0
11 0
0.0000000000000000     2.496391144e-10     7.739165105e-11     0.000000000e+00     3.000000000e+00     0.000000000e+00     0.000000000e+00     0.000000000e+00     6.024201667e-01     0.000000000e+00     1.538516849e-02     7.493081273e-02
59.9999999799999983     2.195033521e+02     -1.200276580e+01     -2.355426248e-01     4.290952662e+00     6.183646444e-01     -7.851420831e-03     6.099999966e-01     2.349999989e+00     2.375879457e+00     4.948164736e-03     -1.667815197e-02
119.9999999599999967     4.637594166e+02     -9.969239417e+01     -8.040878728e-01     4.470711573e+00     1.004517780e+00     -1.110008744e-02     6.099999974e-01     1.129408237e-04     4.111312419e+00     -4.948164711e-03     -6.165141631e-02
179.9999999399999808     6.030714485e+02     -2.115112352e+02     -1.181777234e+00     1.424904525e+00     3.006704314e-01     -1.489557940e-03     2.829495566e-02     -2.118004518e+00     5.749277352e+00     -1.444200335e-02     -8.952499024e-03
239.9999999199999934     6.060781807e+02     -2.169668987e+02     -1.124772794e+00     -1.232420888e+00     -2.070298097e-01     3.389705928e-03     1.581432848e-01     -1.386248847e+00     6.851830405e+00     1.877028099e-02     3.334435476e-02
299.9999998999999775     5.903613001e+02     -1.815109494e+02     -1.269728605e+00     -9.447091273e-02     2.330190716e-01     -8.221566286e-03     6.099999990e-01     2.349999995e+00     1.046026641e+01     -3.708390511e-03     9.119727332e-02
359.9999998799999616     5.614631562e+02     -2.738053714e+02     -2.016830933e+00     3.418689572e+00     3.513754687e-01     -1.668184466e-02     1.817650513e-01     2.349999855e+00     1.648210063e+01     -1.056610775e-02     -9.119727797e-02
419.9999998599999458     3.947338467e+02     -3.994624987e+02     -2.956821941e+00     4.500000000e+00     1.282061154e-01     -1.465118897e-02     6.099999939e-01     4.935239974e-01     1.997254542e+01     2.484060584e-02     2.931474935e-02
479.9999998399999868     1.617989619e+02     -3.575887388e+02     -3.842688071e+00     4.085999768e+00     3.757629974e-01     -1.487768202e-02     5.429904331e-01     1.492755789e+00     2.086262599e+01     -2.707425786e-02     3.992977049e-03
539.9999998199999709     3.086443791e+01     -1.824496049e+02     -4.500703756e+00     3.621593750e+00     2.443661736e-01     -7.056174158e-03     -3.540246167e-01     -9.013136223e-01     2.346986706e+01     -2.826243807e-03     -8.379529079e-02
599.9999997999999550     8.693399347e-01     1.223269826e+01     -4.712388980e+00     3.000000000e+00     0.000000000e+00     0.000000000e+00     0.000000000e+00     6.024201667e-01     3.112906862e+01     1.462706437e-02     1.339197504e-01
