03 0
11 0
0.0000000000000000     2.496391144e-10     7.739165105e-11     0.000000000e+00     3.000000000e+00     0.000000000e+00     0.000000000e+00     0.000000000e+00     6.024201667e-01     0.000000000e+00     5.171310067e-02     1.303107501e-01
28.9324015800000005     9.789560816e+01     1.255443130e+00     -7.195572120e-02     3.751207833e+00     3.573974045e-01     -4.974058407e-03     6.100000000e-01     2.349999986e+00     3.125025486e+00     -9.545844109e-03     -9.506411477e-03
57.8648031600000010     2.180408041e+02     -4.994037051e+00     -2.860816384e-01     4.499999994e+00     7.829083820e-01     -9.827749166e-03     6.099999966e-01     1.522656148e+00     3.833692984e+00     9.545843849e-03     -4.768509652e-02
86.7972047399999980     3.444642970e+02     -3.627145702e+01     -5.648794661e-01     4.428239397e+00     8.609279935e-01     -9.444610932e-03     6.099999944e-01     1.393615704e+00     4.591292397e+00     -9.545844000e-03     3.876496285e-02
115.7296063200000020     4.585041509e+02     -9.980430722e+01     -8.446309946e-01     4.499999984e+00     9.281037097e-01     -9.893675310e-03     6.099999973e-01     1.842038855e+00     5.075313481e+00     9.545844203e-03     -7.766972459e-03
144.6620078999999919     5.514175760e+02     -1.916839469e+02     -1.127101237e+00     4.430542381e+00     9.287847236e-01     -9.632546545e-03     6.099998507e-01     1.102983731e+00     5.581951615e+00     -9.545854340e-03     -4.332143261e-02
173.5944094799999959     6.129297352e+02     -2.976306826e+02     -1.345675484e+00     3.964388659e+00     6.426030575e-01     -5.476759107e-03     -4.451559505e-01     -3.372296782e-01     6.963205894e+00     -6.339353150e-02     -5.623569586e-02
202.5268110599999716     6.458591732e+02     -4.038136794e+02     -1.435489698e+00     3.689273939e+00     2.697703233e-01     -7.317968536e-04     -6.099999742e-01     8.002635144e-01     1.105718729e+01     5.199841636e-02     1.348667899e-01
231.4592126400000041     6.671464780e+02     -5.205818303e+02     -1.474253123e+00     4.500000000e+00     2.740603353e-01     -1.947789090e-03     2.574466707e-01     2.349997303e+00     1.446754353e+01     7.965264313e-03     -2.773888455e-02
260.3916142200000081     6.824745003e+02     -6.451085553e+02     -1.536613280e+00     4.165125231e+00     2.107950395e-01     -2.362959936e-03     2.057415547e-01     -2.249481234e+00     2.725007118e+01     -1.153946577e-02     -2.902076588e-01
289.3240157999999838     6.875813705e+02     -7.486212789e+02     -1.570796327e+00     3.000000000e+00     0.000000000e+00     0.000000000e+00     0.000000000e+00     6.024201667e-01     7.404791750e+01     -2.682758693e-03     4.873500490e-01
