12 0
11 0
0.0000000000000000     2.496391144e-10     7.739165105e-11     0.000000000e+00     3.000000000e+00     0.000000000e+00     0.000000000e+00     0.000000000e+00     6.024201667e-01     0.000000000e+00     -2.318389599e-02     1.392256633e-01
69.9999999900000063     2.501595126e+02     1.783122863e+01     2.716379822e-01     4.132034215e+00     -6.220086344e-01     7.761085208e-03     -6.099999999e-01     2.124891304e+00     1.070348458e+01     5.755324561e-03     -9.572648791e-02
139.9999999800000126     5.183196845e+02     1.400674407e+02     9.223296074e-01     4.499999999e+00     -9.993110865e-01     1.083010408e-02     -6.099999993e-01     9.360988570e-01     1.583506596e+01     -5.755324544e-03     6.176098941e-02
209.9999999700000046     6.616193894e+02     4.046141708e+02     1.665630732e+00     4.499999998e+00     -1.010629346e+00     1.040707090e-02     -6.099999994e-01     2.149524474e+00     1.802734267e+01     5.755324541e-03     -2.709168607e-02
279.9999999600000251     5.946618487e+02     6.940350124e+02     2.388449555e+00     4.345026653e+00     -9.896224436e-01     1.024489547e-02     -6.099999990e-01     6.270084502e-01     1.892807932e+01     -5.755324529e-03     -1.640877175e-02
349.9999999500000172     3.501664024e+02     8.611220715e+02     3.134583421e+00     4.499999999e+00     -1.048712024e+00     1.107321500e-02     -6.099999997e-01     2.349999922e+00     2.117452489e+01     5.755324508e-03     6.563709952e-02
419.9999999400000092     5.916930736e+01     8.211239598e+02     3.916489516e+00     4.285879370e+00     -1.085457687e+00     1.126695914e-02     -6.099999989e-01     -4.343538112e-04     2.945728832e+01     -5.755324483e-03     -1.327923645e-01
489.9999999300000013     -1.160502093e+02     6.647300111e+02     4.502025554e+00     2.443233178e+00     -6.896262526e-01     5.462641959e-03     -6.099999988e-01     -6.575890199e-01     4.024763180e+01     5.755324487e-03     1.140165169e-01
559.9999999200000502     -1.659757673e+02     4.909077509e+02     4.739346714e+00     2.713475293e+00     -3.150912414e-01     1.317962603e-03     2.093664956e-01     1.485290537e+00     4.617070910e+01     1.765514678e-02     -5.279138674e-02
629.9999999100000423     -1.709070217e+02     2.813071010e+02     4.748932193e+00     3.269113925e+00     -1.850620127e-02     -1.044091777e-03     -5.775915497e-02     1.223492819e-02     4.775079509e+01     -2.528730823e-02     1.070408363e-02
699.9999999000000344     -1.673739995e+02     6.194083865e+01     4.712388980e+00     3.000000000e+00     0.000000000e+00     0.000000000e+00     0.000000000e+00     6.024201667e-01     4.832007053e+01     2.693756980e-02     6.158351752e-03
