09 0
11 0
0.0000000000000000     2.496391144e-10     7.739165105e-11     0.000000000e+00     3.000000000e+00     0.000000000e+00     0.000000000e+00     0.000000000e+00     6.024201667e-01     0.000000000e+00     -1.727835847e-02     1.282496424e-01
26.2144209500000009     8.783475165e+01     -1.479221395e+00     6.459003477e-02     3.686252209e+00     -3.515181781e-01     4.927824642e-03     -6.100000000e-01     2.350000000e+00     2.542031124e+00     -2.926091098e-02     5.080011309e-03
52.4288419000000019     1.955664685e+02     2.138109240e+00     2.631485218e-01     4.463632220e+00     -7.997850547e-01     1.022097360e-02     -6.100000000e-01     1.725634631e+00     3.468344235e+00     2.926091098e-02     -5.271527059e-02
78.6432628499999993     3.116727632e+02     2.685045717e+01     5.314398029e-01     4.500000000e+00     -9.093404038e-01     1.024801037e-02     -6.100000000e-01     1.481555166e+00     4.412786181e+00     -2.926091098e-02     3.409350011e-02
104.8576838000000038     4.182961739e+02     7.972018400e+01     7.977497370e-01     4.465795172e+00     -9.443881289e-01     1.006980894e-02     -6.099999999e-01     1.644296276e+00     5.043805398e+00     2.926091099e-02     -2.167734868e-02
131.0721047499999941     5.058748466e+02     1.559206378e+02     1.019951178e+00     4.303071987e+00     -7.451462194e-01     6.882802066e-03     3.909274528e-01     7.084223391e-01     5.958561376e+00     4.710373232e-02     -4.972410918e-02
157.2865256999999986     5.699459742e+02     2.434232307e+02     1.134073062e+00     3.926689336e+00     -3.754012002e-01     1.823999763e-03     6.100000000e-01     1.162216534e-02     6.715791961e+00     -3.038983674e-02     -3.437482682e-03
183.5009466499999746     6.169502324e+02     3.302279925e+02     1.146290487e+00     3.590074147e+00     -1.168107417e-01     -8.918849524e-04     6.100000000e-01     2.097160272e-02     6.961722829e+00     3.038983674e-02     4.150787576e-03
209.7153676000000075     6.566779904e+02     4.118258224e+02     1.106536644e+00     3.331752302e+00     5.136961532e-02     -2.141090090e-03     3.234943049e-01     5.752100940e-03     7.446562782e+00     -5.224846910e-02     -5.311942484e-03
235.9297885499999836     6.948216893e+02     4.871221618e+02     1.062835239e+00     3.108470687e+00     5.461077460e-02     -1.193059914e-03     -6.100000000e-01     2.001101248e-02     7.860635594e+00     -1.897143742e-02     6.399810232e-03
262.1442094999999881     7.336745366e+02     5.571228946e+02     1.047197551e+00     3.000000000e+00     0.000000000e+00     0.000000000e+00     0.000000000e+00     6.024201667e-01     8.679592190e+00     6.551070687e-02     3.803444641e-02
