01 0
31 0
0.0000000000000000     2.496391144e-10     7.739165105e-11     0.000000000e+00     -1.846338356e-01     -1.818974065e-01     2.353542224e-03     0.000000000e+00     6.024201667e-01     0.000000000e+00     7.115870737e-05     -7.002984278e-03
3.3333333330000001     -5.910290168e-01     -6.018281084e-01     7.741858310e-03     -1.713658035e-01     -1.778781127e-01     2.291572780e-03     3.318224542e-04     5.795598424e-01     5.062838234e-03     1.279347652e-04     -6.713210303e-03
6.6666666670000003     -1.135136697e+00     -1.194678880e+00     1.528337466e-02     -1.591603374e-01     -1.740989251e-01     2.233336987e-03     7.229872648e-04     5.581305466e-01     9.680637814e-03     1.067641212e-04     -6.144367171e-03
10.0000000000000000     -1.635939184e+00     -1.778599616e+00     2.263642620e-02     -1.478983791e-01     -1.705375225e-01     2.178493937e-03     1.043347434e-03     5.385632288e-01     1.383989491e-02     8.545198028e-05     -5.596023466e-03
13.3333333300000003     -2.096633569e+00     -2.353663933e+00     2.981181740e-02     -1.374602774e-01     -1.671741018e-01     2.126740740e-03     1.296567262e-03     5.207926067e-01     1.759618949e-02     6.647991660e-05     -5.066349817e-03
16.6666666699999979     -2.520018444e+00     -2.919962508e+00     3.681939625e-02     -1.277380119e-01     -1.639909637e-01     2.077806613e-03     1.490871166e-03     5.047593918e-01     2.099972282e-02     5.010242550e-05     -4.553579120e-03
20.0000000000000000     -2.908532233e+00     -3.477595239e+00     4.366815524e-02     -1.186337413e-01     -1.609722321e-01     2.031448748e-03     1.634477253e-03     4.904100922e-01     2.409597714e-02     3.606122670e-05     -4.056000650e-03
23.3333333299999985     -3.264286747e+00     -4.026664715e+00     5.036631834e-02     -1.100584857e-01     -1.581036345e-01     1.987449144e-03     1.734725892e-03     4.776968339e-01     2.692632336e-02     2.408795679e-05     -3.571954358e-03
26.6666666700000015     -3.589096394e+00     -4.567270775e+00     5.692142029e-02     -1.019309246e-01     -1.553723161e-01     1.945611942e-03     1.798078476e-03     4.665772010e-01     2.952857522e-02     1.392359385e-05     -3.099825333e-03
30.0000000000000000     -3.884503414e+00     -5.099505945e+00     6.334037525e-02     -9.417629604e-02     -1.527666783e-01     1.905761120e-03     1.830168493e-03     4.570140948e-01     3.193749579e-02     5.330416457e-06     -2.638038417e-03
33.3333333299999950     -4.151799466e+00     -5.623451560e+00     6.962954139e-02     -8.672538112e-02     -1.502762377e-01     1.867738518e-03     1.835864280e-03     4.489756092e-01     3.418526292e-02     -1.912944414e-06     -2.185052953e-03
36.6666666699999979     -4.392043830e+00     -6.139174409e+00     7.579477562e-02     -7.951356014e-02     -1.478915046e-01     1.831402107e-03     1.819361360e-03     4.424349248e-01     3.630189985e-02     -7.988807847e-06     -1.739357644e-03
40.0000000000000000     -4.606078474e+00     -6.646723758e+00     8.184148662e-02     -7.247992751e-02     -1.456038769e-01     1.796624473e-03     1.784270877e-03     4.373702196e-01     3.831567685e-02     -1.306548189e-05     -1.299465516e-03
43.3333333300000021     -4.794540152e+00     -7.146128642e+00     8.777467974e-02     -6.556645180e-02     -1.434055505e-01     1.763291421e-03     1.733651635e-03     4.337645955e-01     4.025348932e-02     -1.730606309e-05     -8.639089560e-04
46.6666666699999979     -4.957869688e+00     -7.637395322e+00     9.359899974e-02     -5.871716790e-02     -1.412894455e-01     1.731300593e-03     1.670060035e-03     4.316060225e-01     4.214121731e-02     -2.084889685e-05     -4.312348164e-04
50.0000000000000000     -5.096318533e+00     -8.120504815e+00     9.931876726e-02     -5.187738777e-02     -1.392491501e-01     1.700559906e-03     1.595625051e-03     4.308872985e-01     4.400407148e-02     -2.381209376e-05     4.323111400e-10
53.3333333300000021     -5.209952649e+00     -8.595410458e+00     1.049380095e-01     -4.499291630e-02     -1.372788883e-01     1.670985458e-03     1.512108540e-03     4.316060251e-01     4.586692995e-02     -2.629781294e-05     4.312355173e-04
56.6666666699999979     -5.298653717e+00     -9.062035454e+00     1.104604825e-01     -3.800926017e-02     -1.353735197e-01     1.642498341e-03     1.420945138e-03     4.337645996e-01     4.775467071e-02     -2.840022834e-05     8.639091637e-04
60.0000000000000000     -5.362117647e+00     -9.520270444e+00     1.158896788e-01     -3.087082335e-02     -1.335285903e-01     1.615019460e-03     1.323286955e-03     4.373702230e-01     4.969250397e-02     -3.019468150e-05     1.299464896e-03
63.3333333299999950     -5.399850331e+00     -9.969971187e+00     1.212288130e-01     -2.352009798e-02     -1.317404550e-01     1.588461108e-03     1.220063927e-03     4.424349243e-01     5.170630891e-02     -3.173913484e-05     1.739355854e-03
66.6666666699999979     -5.411160700e+00     -1.041095654e+01     1.264807717e-01     -1.589689130e-02     -1.300064935e-01     1.562714213e-03     1.112097295e-03     4.489756001e-01     5.382297928e-02     -3.304084438e-05     2.185049648e-03
70.0000000000000000     -5.395151289e+00     -1.084300696e+01     1.316480150e-01     -7.937676569e-03     -1.283254080e-01     1.537631718e-03     1.000306606e-03     4.570140716e-01     5.607078250e-02     -3.403356900e-05     2.638033248e-03
73.3333333299999879     -5.350704793e+00     -1.126587152e+01     1.367325549e-01     4.254295079e-04     -1.267023243e-01     1.513092202e-03     8.857783430e-04     4.665771592e-01     5.847973731e-02     -3.468338899e-05     3.099819305e-03
76.6666666700000121     -5.276449674e+00     -1.167925541e+01     1.417358071e-01     9.277609316e-03     -1.251339316e-01     1.488859158e-03     7.696046892e-04     4.776967744e-01     6.108201510e-02     -3.502080330e-05     3.571949855e-03
80.0000000000000000     -5.170727306e+00     -1.208279070e+01     1.466585523e-01     1.870897459e-02     -1.236136323e-01     1.464787972e-03     6.527765383e-04     4.904100221e-01     6.391236949e-02     -3.507608725e-05     4.055998748e-03
83.3333333300000021     -5.031595061e+00     -1.247603599e+01     1.515013868e-01     2.880328866e-02     -1.221406637e-01     1.440912754e-03     5.361772817e-04     5.047593193e-01     6.700860021e-02     -3.488346671e-05     4.553579538e-03
86.6666666699999979     -4.856825569e+00     -1.285847239e+01     1.562648944e-01     3.965177975e-02     -1.207090665e-01     1.417191827e-03     4.205538478e-04     5.207925389e-01     7.041205797e-02     -3.449059359e-05     5.066352243e-03
90.0000000000000000     -4.643883108e+00     -1.322948556e+01     1.609495256e-01     5.135416226e-02     -1.193124496e-01     1.393586844e-03     3.064443738e-04     5.385631719e-01     7.416819690e-02     -3.397509083e-05     5.596027553e-03
93.3333333300000021     -4.389895686e+00     -1.358835465e+01     1.655556090e-01     6.401967065e-02     -1.179439633e-01     1.370063164e-03     1.940793095e-04     5.581305054e-01     7.832718177e-02     -3.344394777e-05     6.144372542e-03
96.6666666699999979     -4.091623688e+00     -1.393424032e+01     1.700833650e-01     7.776818197e-02     -1.165963575e-01     1.346590459e-03     8.329628735e-05     5.795598205e-01     8.294455792e-02     -3.302586551e-05     6.713216555e-03
100.0000000000000000     -3.745447064e+00     -1.426617607e+01     1.745329252e-01     9.271781971e-02     -1.152622677e-01     1.323145713e-03     0.000000000e+00     6.024201667e-01     8.800706505e-02     -1.695190690e-05     7.002991120e-03
