03 0
31 0
0.0000000000000000     0.000000000e+00     0.000000000e+00     0.000000000e+00     3.000000000e+00     0.000000000e+00     0.000000000e+00     0.000000000e+00     6.024201667e-01
3.3333333330000001     1.002194715e+01     7.815744649e-03     -1.360342496e-04     3.013167870e+00     5.099398775e-03     -8.159746686e-05     2.295810258e-01     9.957679402e-01
6.6666666670000003     2.013617981e+01     5.106540974e-02     -9.059963281e-04     3.055350789e+00     2.402844149e-02     -3.803682560e-04     4.301973635e-01     1.356241118e+00
10.0000000000000000     3.044365813e+01     1.714943590e-01     -3.123066547e-03     3.128941413e+00     6.076924979e-02     -9.498623864e-04     5.557018077e-01     1.656389173e+00
13.3333333300000003     4.104523722e+01     4.048900664e-01     -7.626147400e-03     3.231058768e+00     1.136839504e-01     -1.751974692e-03     6.099999996e-01     1.879695529e+00
16.6666666699999979     5.202703875e+01     7.646814376e-01     -1.502865395e-02     3.354964206e+00     1.772731957e-01     -2.689517873e-03     6.100000000e-01     2.021781969e+00
20.0000000000000000     6.345031417e+01     1.233888773e+00     -2.557607402e-02     3.491616584e+00     2.440618629e-01     -3.638922887e-03     5.711371797e-01     2.087178392e+00
23.3333333299999985     7.534641199e+01     1.763510628e+00     -3.907464825e-02     3.631792880e+00     3.051910695e-01     -4.460210437e-03     4.888463300e-01     2.085579017e+00
26.6666666700000015     8.771663567e+01     2.275518911e+00     -5.485801195e-02     3.767601235e+00     3.512296171e-01     -5.009796626e-03     3.631045549e-01     2.028682030e+00
30.0000000000000000     1.005337135e+02     2.673948691e+00     -7.185983464e-02     3.892150643e+00     3.753534544e-01     -5.191285859e-03     2.110577945e-01     1.926788870e+00
33.3333333299999950     1.137432806e+02     2.865960354e+00     -8.885687443e-02     3.999039809e+00     3.766315520e-01     -5.006926889e-03     5.460430965e-02     1.785620511e+00
36.6666666699999979     1.272677850e+02     2.784858870e+00     -1.047945176e-01     4.082746843e+00     3.601105475e-01     -4.555647845e-03     -8.594189037e-02     1.605442946e+00
40.0000000000000000     1.410142546e+02     2.403226038e+00     -1.190218730e-01     4.139509356e+00     3.338436758e-01     -3.980754206e-03     -1.975921584e-01     1.383486782e+00
43.3333333300000021     1.548843463e+02     1.731169352e+00     -1.313377686e-01     4.168106135e+00     3.053005386e-01     -3.408771935e-03     -2.762792765e-01     1.117991655e+00
46.6666666699999979     1.687841850e+02     8.038694056e-01     -1.418783049e-01     4.170122515e+00     2.792792731e-01     -2.915538555e-03     -3.245847899e-01     8.111512900e-01
50.0000000000000000     1.826311887e+02     -3.367048721e-01     -1.508869844e-01     4.149235863e+00     2.554443884e-01     -2.489657827e-03     -3.467336881e-01     4.711640197e-01
53.3333333300000021     1.963584862e+02     -1.654927583e+00     -1.585332101e-01     4.110797160e+00     2.320990851e-01     -2.098066242e-03     -3.446363988e-01     1.107151611e-01
56.6666666699999979     2.099292386e+02     -3.127833477e+00     -1.648814743e-01     4.067835065e+00     2.065159547e-01     -1.710880885e-03     -3.184306895e-01     -2.601060925e-01
60.0000000000000000     2.233354290e+02     -4.741606484e+00     -1.699563847e-01     4.024858741e+00     1.790384019e-01     -1.334053941e-03     -2.682183111e-01     -6.301376373e-01
63.3333333299999950     2.365545837e+02     -6.476996845e+00     -1.738320728e-01     3.967914394e+00     1.516364814e-01     -9.913474487e-04     -1.952633039e-01     -9.780242112e-01
66.6666666699999979     2.495215378e+02     -8.307851762e+00     -1.765981362e-01     3.884676805e+00     1.227942790e-01     -6.682790916e-04     -1.031193750e-01     -1.278475063e+00
70.0000000000000000     2.621456205e+02     -1.020664260e+01     -1.783277459e-01     3.771962629e+00     9.286623580e-02     -3.694752779e-04     1.917983270e-03     -1.509306614e+00
73.3333333299999879     2.743398171e+02     -1.214496417e+01     -1.791226146e-01     3.634775345e+00     6.330696315e-02     -1.074343697e-04     1.109425156e-01     -1.651526546e+00
76.6666666700000121     2.860458206e+02     -1.409608593e+01     -1.791285587e-01     3.485026430e+00     3.614017340e-02     1.038794569e-04     2.135677569e-01     -1.690431082e+00
80.0000000000000000     2.972524028e+02     -1.603770430e+01     -1.785363147e-01     3.338909509e+00     1.357213426e-02     2.514784602e-04     2.996335716e-01     -1.617144732e+00
83.3333333300000021     3.080027255e+02     -1.795353495e+01     -1.775760798e-01     3.212894360e+00     -2.398350952e-03     3.246740868e-04     3.603065428e-01     -1.430208391e+00
86.6666666699999979     3.183872258e+02     -1.983350688e+01     -1.765026679e-01     3.119068992e+00     -1.057743466e-02     3.193846221e-04     3.878691522e-01     -1.137091453e+00
90.0000000000000000     3.285216689e+02     -2.167334956e+01     -1.755598331e-01     3.060949522e+00     -1.137377945e-02     2.463277943e-04     3.742441515e-01     -7.556279011e-01
93.3333333300000021     3.385126361e+02     -2.347453265e+01     -1.749136308e-01     3.030239642e+00     -7.672780356e-03     1.414051714e-04     3.085635233e-01     -3.175395437e-01
96.6666666699999979     3.484232786e+02     -2.524176961e+01     -1.746054307e-01     3.009936996e+00     -2.609536193e-03     4.352640037e-05     1.745204791e-01     1.413579019e-01
100.0000000000000000     3.582868471e+02     -2.698576842e+01     -1.745329252e-01     3.000000000e+00     0.000000000e+00     0.000000000e+00     0.000000000e+00     6.024201667e-01
