01 0
31 0
0.0000000000000000     0.000000000e+00     0.000000000e+00     0.000000000e+00     3.000000000e+00     0.000000000e+00     0.000000000e+00     0.000000000e+00     6.024201667e-01
5.2017575661464912     1.584767864e+01     -1.147059945e-01     2.057613395e-03     3.093104258e+00     -5.046729880e-02     7.911223866e-04     -6.100000000e-01     1.885793304e+00
10.4035151338535101     3.256848162e+01     -5.874485781e-01     1.109330700e-02     3.333971275e+00     -1.746546072e-01     2.682970172e-03     -6.100000000e-01     2.350000000e+00
15.6052727000000004     5.068004857e+01     -1.488505075e+00     3.047624244e-02     3.619883404e+00     -3.192348521e-01     4.769486124e-03     -6.100000000e-01     2.350000000e+00
20.8070302614649094     7.021692541e+01     -2.594855358e+00     5.975077119e-02     3.863849958e+00     -4.481226846e-01     6.486143689e-03     -6.100000000e-01     2.191377314e+00
26.0087878385350919     9.088587754e+01     -3.521289565e+00     9.569497366e-02     4.031266842e+00     -5.272036905e-01     7.333878502e-03     -3.992050134e-01     1.812686649e+00
31.2105454000000009     1.122492873e+02     -3.829835679e+00     1.328189692e-01     4.116943816e+00     -5.288834376e-01     6.939756932e-03     3.220835010e-02     1.386814451e+00
36.4123029614649099     1.338538147e+02     -3.225555380e+00     1.658951924e-01     4.133749069e+00     -4.778276991e-01     5.777569030e-03     4.607496390e-01     9.970116659e-01
41.6140605385350923     1.553294876e+02     -1.700449826e+00     1.928753440e-01     4.097017592e+00     -4.180547262e-01     4.595906184e-03     6.095739239e-01     5.670150892e-01
46.8158181000000013     1.764299409e+02     5.785404133e-01     2.141964855e-01     4.026500459e+00     -3.629588919e-01     3.601762108e-03     6.100000000e-01     1.564377938e-01
52.0175756614649103     1.970469233e+02     3.431290746e+00     2.308342550e-01     3.947715730e+00     -3.159542919e-01     2.795217885e-03     6.100000000e-01     -1.341555717e-01
57.2193332385350857     2.171884314e+02     6.714906072e+00     2.436963743e-01     3.876604212e+00     -2.766873965e-01     2.150079601e-03     6.100000000e-01     -2.684093224e-01
62.4210908000000018     2.369006774e+02     1.033331265e+01     2.533947942e-01     3.812078638e+00     -2.389416363e-01     1.578821528e-03     6.100000000e-01     -2.979212778e-01
67.6228483614649178     2.562190610e+02     1.421856312e+01     2.602845080e-01     3.751551842e+00     -2.028377737e-01     1.070173073e-03     6.100000000e-01     -2.986515941e-01
72.8246059385351003     2.751716414e+02     1.831096656e+01     2.646627718e-01     3.694229954e+00     -1.682152243e-01     6.132055745e-04     6.100000000e-01     -2.948505088e-01
78.0263635000000022     2.937834656e+02     2.255902311e+01     2.667757285e-01     3.639551739e+00     -1.349174078e-01     1.991955195e-04     6.100000000e-01     -2.905777905e-01
83.2281210614649041     3.120770004e+02     2.691800447e+01     2.668287089e-01     3.587055469e+00     -1.028088274e-01     -1.788253215e-04     6.100000000e-01     -2.863810601e-01
88.4298786385350866     3.300723195e+02     3.134875525e+01     2.649942140e-01     3.536356036e+00     -7.177241213e-02     -5.265112352e-04     6.100000000e-01     -2.823044947e-01
93.6316362000000026     3.477872892e+02     3.581672534e+01     2.614184568e-01     3.487129740e+00     -4.171796923e-02     -8.483153378e-04     6.100000000e-01     -2.783307678e-01
98.8333937614649045     3.652377905e+02     4.029104475e+01     2.562296326e-01     3.439103398e+00     -1.264347809e-02     -1.146711946e-03     6.100000000e-01     -2.744380166e-01
104.0351513385350870     3.824379524e+02     4.474366127e+01     2.495472738e-01     3.392048100e+00     1.536524131e-02     -1.422557662e-03     6.100000000e-01     -2.706035350e-01
109.2369089000000031     3.994003156e+02     4.914882851e+01     2.414870913e-01     3.345776031e+00     4.220821972e-02     -1.676465089e-03     6.100000000e-01     -2.667929711e-01
114.4386664614649050     4.161359291e+02     5.348291806e+01     2.321614031e-01     3.300137620e+00     6.779745444e-02     -1.909126142e-03     6.100000000e-01     -2.629155454e-01
119.6404240385351017     4.326544379e+02     5.772433043e+01     2.216786825e-01     3.255018074e+00     9.206217021e-02     -2.121327183e-03     6.100000000e-01     -2.586614422e-01
124.8421816000000035     4.489710877e+02     6.184642072e+01     2.102943832e-01     3.212387401e+00     1.112740698e-01     -2.255770038e-03     4.069219791e-01     -2.528577820e-01
130.0439391614649196     4.651167284e+02     6.579362989e+01     1.989016411e-01     3.174336862e+00     1.132498199e-01     -2.124573312e-03     -1.053517290e-01     -2.416448411e-01
135.2456967385350879     4.811189936e+02     6.948632879e+01     1.890107332e-01     3.136761858e+00     9.385973422e-02     -1.678336686e-03     -5.583430278e-01     -2.168976214e-01
140.4474543000000040     4.969787648e+02     7.288227024e+01     1.817023093e-01     3.097416561e+00     6.550649376e-02     -1.131645808e-03     -6.100000000e-01     -1.712241992e-01
145.6492118614649200     5.126842904e+02     7.600110315e+01     1.771393411e-01     3.058274835e+00     3.666343035e-02     -6.227489804e-04     -6.100000000e-01     -1.140827695e-01
150.8509694385350883     5.282252498e+02     7.889260360e+01     1.750262859e-01     3.019383199e+00     1.113072230e-02     -1.896899752e-04     -6.099999992e-01     9.219994886e-02
156.0527270000000044     5.436373759e+02     8.164350767e+01     1.745329252e-01     3.000000000e+00     0.000000000e+00     0.000000000e+00     0.000000000e+00     6.024201667e-01
