% TransWORHP-Result
31 0
0.0000000000000000     0.000000000e+00     0.000000000e+00     0.000000000e+00     3.000000000e+00     0.000000000e+00     0.000000000e+00     0.000000000e+00     6.024201667e-01     0.000000000e+00     -1.693227796e-01
6.9139128126419420     2.121622064e+01     -2.094539537e-01     3.902730128e-03     3.136993965e+00     -7.283248651e-02     1.128949766e-03     -6.099999988e-01     1.976801521e+00     4.175204625e+00     -7.133017694e-03
13.8278256273580578     4.405440915e+01     -1.011047028e+00     2.043774567e-02     3.464964528e+00     -2.421508544e-01     3.654163931e-03     -6.099999996e-01     2.349999998e+00     4.799349791e+00     7.133017472e-03
20.7417384400000024     6.934133758e+01     -2.358259977e+00     5.460009243e-02     3.827955028e+00     -4.279621871e-01     6.228039586e-03     -6.099999994e-01     2.349999997e+00     4.931356836e+00     -7.133017417e-03
27.6556512464194206     9.711436968e+01     -3.657820424e+00     1.049496016e-01     4.148804577e+00     -5.953971113e-01     8.336653516e-03     -6.099999996e-01     2.337315647e+00     5.066815278e+00     7.133017355e-03
34.5695640735805796     1.269374645e+02     -4.146435619e+00     1.673831724e-01     4.379289889e+00     -7.235516251e-01     9.723617865e-03     -6.099999994e-01     2.052812168e+00     5.325232571e+00     -7.133017281e-03
41.4834768800000049     1.579858979e+02     -3.144659109e+00     2.364336111e-01     4.480514961e+00     -7.980815046e-01     1.025072677e-02     -6.099999994e-01     1.696117461e+00     5.597705361e+00     7.133017256e-03
48.3973896864194231     1.893931097e+02     -2.502014446e-01     3.074435975e-01     4.499999999e+00     -8.374084359e-01     1.029045978e-02     -6.099999990e-01     1.567115234e+00     5.708515292e+00     -7.133017132e-03
55.3113025135805785     2.206559713e+02     4.668223201e+00     3.784134845e-01     4.499999941e+00     -8.645768599e-01     1.023912712e-02     -6.099999993e-01     1.579302170e+00     5.763591540e+00     7.133017062e-03
62.2252153199999967     2.515589048e+02     1.162873871e+01     4.490896425e-01     4.499378101e+00     -8.869525252e-01     1.020549228e-02     -6.099999989e-01     1.581921139e+00     5.819141287e+00     -7.133016963e-03
69.1391281264194220     2.819599831e+02     2.062541633e+01     5.196109445e-01     4.499999999e+00     -9.059047713e-01     1.019433165e-02     -6.099999991e-01     1.606395608e+00     5.877881037e+00     7.133016923e-03
76.0530409535805774     3.117161531e+02     3.164070162e+01     5.900801480e-01     4.499999998e+00     -9.214358080e-01     1.019042165e-02     -6.099999986e-01     1.592365900e+00     5.942278603e+00     -7.133016798e-03
82.9669537600000098     3.405844488e+02     4.460188327e+01     6.600306104e-01     4.471157198e+00     -9.246544630e-01     1.004427446e-02     -6.099999982e-01     1.359671835e+00     6.100614877e+00     7.133016919e-03
89.8808665664194280     3.681423116e+02     5.929145446e+01     7.279589414e-01     4.380316657e+00     -9.057198570e-01     9.605476069e-03     -6.099999973e-01     9.141111441e-01     6.425483023e+00     -7.133016661e-03
96.7947793935805834     3.939543617e+02     7.532669985e+01     7.923714417e-01     4.232612260e+00     -8.736531476e-01     9.027243798e-03     -6.099999911e-01     4.964993331e-01     6.705339045e+00     7.133018446e-03
103.7086922000000015     4.178040992e+02     9.233224840e+01     8.523765838e-01     4.071750933e+00     -8.302119718e-01     8.330551629e-03     -3.681841450e-01     3.486059385e-01     6.923451962e+00     6.281748648e-02
110.6226050064194197     4.397025395e+02     1.101624060e+02     9.061033746e-01     3.945706637e+00     -7.569354330e-01     7.211093829e-03     1.304293799e-01     5.544648229e-01     7.400777850e+00     8.141734503e-02
117.5365178335805751     4.598277359e+02     1.289172772e+02     9.505772249e-01     3.890277697e+00     -6.525343746e-01     5.653936850e-03     5.128664271e-01     1.071287861e+00     8.086280330e+00     2.921090776e-02
124.4504306399999933     4.785448030e+02     1.489315340e+02     9.827660592e-01     3.953303356e+00     -5.159015698e-01     3.657385171e-03     6.099999974e-01     1.679651996e+00     8.694726603e+00     -1.112905127e-03
131.3643434464194115     4.963626413e+02     1.707320680e+02     9.996469351e-01     4.147672688e+00     -3.443937833e-01     1.225776167e-03     6.099999985e-01     2.019408200e+00     9.008216367e+00     1.112905457e-03
138.2782562735805811     5.137743534e+02     1.945668806e+02     1.000055530e+00     4.375512763e+00     -1.673928026e-01     -1.107581115e-03     6.099999988e-01     1.880107473e+00     9.206807296e+00     -1.112905359e-03
145.1921690799999851     5.310842844e+02     2.199120025e+02     9.869381440e-01     4.499999999e+00     -2.625621194e-02     -2.686908788e-03     6.099999982e-01     1.284017731e+00     9.835527936e+00     1.112905165e-03
152.1060818864194175     5.483431700e+02     2.457246473e+02     9.655134772e-01     4.481496300e+00     7.291043341e-02     -3.510643130e-03     6.099999977e-01     5.461762826e-01     1.064905645e+01     -1.112905298e-03
159.0199947135805871     5.654606073e+02     2.711429407e+02     9.393865978e-01     4.379928096e+00     1.533664144e-01     -4.047126279e-03     6.099999977e-01     1.665005946e-01     1.098657629e+01     1.112905296e-03
165.9339075200000195     5.823875069e+02     2.957698499e+02     9.098498161e-01     4.255948278e+00     2.251063328e-01     -4.497031708e-03     6.099999975e-01     5.036845976e-04     1.103628230e+01     -1.112905343e-03
172.8478203264194235     5.991927925e+02     3.194742400e+02     8.778172868e-01     4.134411760e+00     2.791619937e-01     -4.769075702e-03     6.099999973e-01     -4.659728863e-01     1.142305112e+01     1.112905264e-03
179.7617331535805931     6.159276329e+02     3.420476293e+02     8.452783137e-01     3.974260667e+00     2.974224098e-01     -4.643531574e-03     3.882242758e-01     -1.161580060e+00     1.228657695e+01     -6.526636725e-02
186.6756459599999971     6.324055058e+02     3.629011996e+02     8.166029200e-01     3.696107292e+00     2.451070646e-01     -3.651451158e-03     -1.994049643e-01     -1.753234499e+00     1.338374673e+01     -1.047182004e-01
193.5895587664194295     6.482469501e+02     3.813533183e+02     7.970829826e-01     3.329754648e+00     1.348004827e-01     -1.995116274e-03     -6.099999840e-01     -1.844922502e+00     1.406495945e+01     -1.405535976e-02
200.5034715935805707     6.633387272e+02     3.975497583e+02     7.877920580e-01     3.072045277e+00     4.490245676e-02     -6.924861963e-04     -6.099999977e-01     -1.016793138e+00     1.552807329e+01     1.405535580e-02
207.4173844000000031     6.780534393e+02     4.125199458e+02     7.853981634e-01     3.000000000e+00     0.000000000e+00     0.000000000e+00     -6.099999946e-01     6.024201667e-01     1.944439084e+01     -1.405535490e-02
