06 0
31 0
0.0000000000000000     0.000000000e+00     0.000000000e+00     0.000000000e+00     3.000000000e+00     0.000000000e+00     0.000000000e+00     0.000000000e+00     6.024201667e-01
7.2930313926040302     2.243200543e+01     -2.389380050e-01     4.492931012e-03     3.151301069e+00     -7.968435242e-02     1.232116184e-03     -6.100000000e-01     2.018644648e+00
14.5860627873959707     4.671432803e+01     -1.130814506e+00     2.326768555e-02     3.502305313e+00     -2.606119172e-01     3.916567128e-03     -6.100000000e-01     2.350000000e+00
21.8790941800000027     7.372846787e+01     -2.568365711e+00     6.152383860e-02     3.880175641e+00     -4.546006143e-01     6.574585580e-03     -6.100000000e-01     2.350000000e+00
29.1721255660403038     1.034568025e+02     -3.826286683e+00     1.172016666e-01     4.207400405e+00     -6.260786552e-01     8.694189486e-03     -6.100000000e-01     2.319020689e+00
36.4651569739597008     1.353251272e+02     -4.016376918e+00     1.852722790e-01     4.425150980e+00     -7.503487182e-01     9.973113245e-03     -6.100000000e-01     1.972203103e+00
43.7581883600000054     1.683127395e+02     -2.400433361e+00     2.593063358e-01     4.499999930e+00     -8.156346818e-01     1.032957099e-02     -6.100000000e-01     1.605372354e+00
51.0512197460403030     2.014512931e+02     1.396910748e+00     3.343870864e-01     4.500000000e+00     -8.479389819e-01     1.026015268e-02     -6.100000000e-01     1.524340057e+00
58.3442511539597035     2.342731962e+02     7.459322880e+00     4.089709786e-01     4.495417140e+00     -8.730315134e-01     1.019331534e-02     -6.100000000e-01     1.591807703e+00
65.6372825400000011     2.666288817e+02     1.578823725e+01     4.833266181e-01     4.499999999e+00     -8.965310432e-01     1.019755795e-02     -6.099999999e-01     1.614153264e+00
72.9303139260402986     2.983658564e+02     2.637374080e+01     5.576661365e-01     4.500000000e+00     -9.145161660e-01     1.018889438e-02     -6.099999999e-01     1.577075270e+00
80.2233453339596991     3.292170112e+02     3.917487978e+01     6.312228174e-01     4.481217782e+00     -9.159746784e-01     9.982876962e-03     -5.428321807e-01     1.435504675e+00
87.5163767200000109     3.588052166e+02     5.413822200e+01     7.008381529e-01     4.441129115e+00     -8.706982501e-01     9.108041980e-03     -2.000765561e-01     1.186277550e+00
94.8094081060403084     3.867189548e+02     7.113598307e+01     7.611415147e-01     4.377119308e+00     -7.681302213e-01     7.429213552e-03     3.084884563e-01     8.879149589e-01
102.1024395139597090     4.126920983e+02     8.977791695e+01     8.086049182e-01     4.280380111e+00     -6.470477891e-01     5.586883886e-03     5.617047363e-01     5.515607720e-01
109.3954709000000065     4.367251132e+02     1.094695768e+02     8.437215624e-01     4.160270820e+00     -5.377142962e-01     4.043307548e-03     6.099999958e-01     2.611307106e-01
116.6885022860403041     4.590124036e+02     1.297011212e+02     8.686170850e-01     4.037689211e+00     -4.414917571e-01     2.783900865e-03     6.099999794e-01     9.636121290e-02
123.9815336939597046     4.798187584e+02     1.501576052e+02     8.851381983e-01     3.925034208e+00     -3.561091646e-01     1.746756548e-03     6.099999997e-01     3.288877709e-02
131.2745650800000021     4.994058834e+02     1.706533596e+02     8.947030956e-01     3.823977717e+00     -2.791134375e-01     8.762672024e-04     6.099999987e-01     1.764786840e-02
138.5675964660402997     5.179969389e+02     1.910657185e+02     8.983757527e-01     3.731940819e+00     -2.085847566e-01     1.309016775e-04     6.099999999e-01     1.523859265e-02
145.8606278739596860     5.357734518e+02     2.113030240e+02     8.969597350e-01     3.646441065e+00     -1.431438990e-01     -5.192224054e-04     6.099999997e-01     1.477740813e-02
153.1536592600000120     5.528832046e+02     2.312926324e+02     8.910698282e-01     3.565600206e+00     -8.180230255e-02     -1.095992584e-03     6.100000000e-01     1.445827867e-02
160.4466906460403095     5.694479522e+02     2.509742722e+02     8.811945895e-01     3.487996683e+00     -2.406731003e-02     -1.612137436e-03     6.099999998e-01     1.414322417e-02
167.7397220539597242     5.855699678e+02     2.702951240e+02     8.677637069e-01     3.412560747e+00     2.996796959e-02     -2.071072432e-03     6.100000000e-01     1.386697750e-02
175.0327534400000218     6.013364494e+02     2.892069323e+02     8.511921526e-01     3.338526008e+00     7.997013701e-02     -2.473417610e-03     6.100000000e-01     1.345883696e-02
182.3257848260403193     6.168556019e+02     3.076573288e+02     8.324764215e-01     3.270143597e+00     1.153446855e-01     -2.659079463e-03     2.586466678e-01     1.362105445e-02
189.6188162339597056     6.322931502e+02     3.255557648e+02     8.143165082e-01     3.207865806e+00     1.153804228e-01     -2.320993253e-03     -3.842157319e-01     1.182868349e-02
196.9118476200000032     6.477777140e+02     3.428041240e+02     7.999176016e-01     3.145763930e+00     8.827362480e-02     -1.627682115e-03     -6.099997723e-01     1.645216942e-02
204.2048790060403292     6.633172421e+02     3.593857830e+02     7.906782552e-01     3.084881699e+00     5.185760742e-02     -9.060643972e-04     -6.099999999e-01     -2.245142350e-02
211.4979104139597155     6.788539435e+02     3.753698111e+02     7.863862203e-01     3.027731098e+00     1.560564023e-02     -2.709591726e-04     -6.100000000e-01     7.163910020e-02
218.7909418000000130     6.943483074e+02     3.909600798e+02     7.853981634e-01     3.000000000e+00     0.000000000e+00     0.000000000e+00     0.000000000e+00     6.024201667e-01
