0.0000000000000000     0.000000000e+00     0.000000000e+00     0.000000000e+00     3.000000000e+00     0.000000000e+00     0.000000000e+00     0.000000000e+00     6.024201667e-01     0.000000000e+00     -1.166110370e-01
10.1483742123184957     3.192955298e+01     -5.478820234e-01     1.114788455e-02     3.291137199e+00     -1.446718122e-01     2.196976603e-03     -6.099999956e-01     2.349999840e+00     5.120525918e+00     -3.605262259e-03
20.2967484276815036     6.818417484e+01     -2.190298622e+00     5.342972841e-02     3.835349764e+00     -4.211315445e-01     6.135754508e-03     -6.099999974e-01     2.349999988e+00     5.627669315e+00     3.605261924e-03
30.4451226400000010     1.094198499e+02     -3.731980824e+00     1.289264988e-01     4.227387459e+00     -6.369218066e-01     8.742838205e-03     -6.099999959e-01     2.060608880e+00     5.946558749e+00     -3.605261647e-03
40.5934968431849583     1.539038582e+02     -3.003966161e+00     2.237772762e-01     4.431913494e+00     -7.711361273e-01     9.949962886e-03     -6.099999967e-01     1.846112798e+00     6.157910484e+00     3.605261495e-03
50.7418710768150376     1.997001669e+02     1.438695210e+00     3.263588167e-01     4.499999992e+00     -8.432474752e-01     1.026638533e-02     -6.099999946e-01     1.583413953e+00     6.346741301e+00     -3.605261075e-03
60.8902452800000020     2.453161672e+02     1.017095184e+01     4.302491135e-01     4.499999987e+00     -8.801837641e-01     1.020788720e-02     -6.099999957e-01     1.570981889e+00     6.429843047e+00     3.605260857e-03
71.0386194831849593     2.899282341e+02     2.328257390e+01     5.336998625e-01     4.498753476e+00     -9.078579060e-01     1.017976105e-02     -6.099999943e-01     1.602914860e+00     6.509919853e+00     -3.605260589e-03
81.1869937168150386     3.330855688e+02     4.071974521e+01     6.370470441e-01     4.499999993e+00     -9.296142104e-01     1.018747656e-02     -6.099999954e-01     1.606293067e+00     6.589658284e+00     3.605260382e-03
91.3353679199999959     3.743387493e+02     6.237249731e+01     7.404927193e-01     4.499999997e+00     -9.458017023e-01     1.019917179e-02     -6.099999937e-01     1.614358139e+00     6.669990737e+00     -3.605260055e-03
101.4837421231849532     4.132355992e+02     8.806993768e+01     8.440827297e-01     4.499999993e+00     -9.581101139e-01     1.021592152e-02     -6.099999945e-01     1.620170982e+00     6.750980151e+00     3.605259902e-03
111.6321163568150325     4.493479476e+02     1.175843472e+02     9.478401586e-01     4.499669098e+00     -9.673755659e-01     1.023216596e-02     -6.099999927e-01     1.623439290e+00     6.832388174e+00     -3.605259554e-03
121.7804905600000041     4.822761965e+02     1.506373873e+02     1.051776464e+00     4.499999994e+00     -9.746460288e-01     1.025117373e-02     -6.099999930e-01     1.632341711e+00     6.914498019e+00     3.605259506e-03
131.9288647631849472     5.116524970e+02     1.869026942e+02     1.155886199e+00     4.500000000e+00     -9.801138015e-01     1.026634475e-02     -6.099999900e-01     1.628709647e+00     6.997098521e+00     -3.605258926e-03
142.0772389968150549     5.371436925e+02     2.260084830e+02     1.260139160e+00     4.499999981e+00     -9.842977318e-01     1.027940027e-02     -6.099999886e-01     1.637669522e+00     7.080638289e+00     3.605259202e-03
152.2256131999999980     5.584605075e+02     2.675460157e+02     1.364513941e+00     4.500000000e+00     -9.875030078e-01     1.029035243e-02     -6.099999774e-01     1.632888431e+00     7.165348926e+00     -3.605256983e-03
162.3739874031849411     5.752126074e+02     3.110513525e+02     1.465523264e+00     4.495812887e+00     -9.459895565e-01     9.616149443e-03     -3.334505180e-01     1.462941619e+00     7.453297554e+00     5.810649110e-02
172.5223616368150488     5.868907469e+02     3.557553373e+02     1.552206965e+00     4.454303175e+00     -8.056544394e-01     7.467117785e-03     2.895234303e-01     1.054943339e+00     8.063947386e+00     6.466666157e-02
182.6707358399999919     5.936039339e+02     4.003881857e+02     1.614840061e+00     4.334135887e+00     -6.261312716e-01     4.876354679e-03     6.023287798e-01     5.099375186e-01     8.590567674e+00     -3.020265208e-03
192.8191100431849350     5.964530790e+02     4.437436841e+02     1.654383515e+00     4.161618335e+00     -4.759182405e-01     2.916705880e-03     6.099999606e-01     4.669982805e-02     8.817638424e+00     4.532070073e-03
202.9674842768150143     5.967600719e+02     4.853678470e+02     1.676986327e+00     4.000700737e+00     -3.597602428e-01     1.537762150e-03     6.099999292e-01     -2.147135032e-01     8.897742200e+00     -4.532076251e-03
213.1158584799999858     5.954923136e+02     5.254052746e+02     1.687671189e+00     3.869088661e+00     -2.694668083e-01     5.679653400e-04     6.099999800e-01     -2.956297138e-01     8.914621202e+00     4.532086252e-03
223.2642326831849289     5.932582080e+02     5.640845939e+02     1.689417577e+00     3.752687642e+00     -1.886847725e-01     -2.237958323e-04     6.099999563e-01     -2.911349816e-01     8.919374779e+00     -4.532090908e-03
233.4126069168150650     5.904512183e+02     6.015523578e+02     1.683777707e+00     3.645591090e+00     -1.152997348e-01     -8.876879775e-04     6.099999853e-01     -2.665602839e-01     8.924639028e+00     4.532096616e-03
243.5609811200000081     5.873748420e+02     6.379137832e+02     1.671887866e+00     3.543856727e+00     -4.805332200e-02     -1.455514508e-03     6.099999495e-01     -1.941164285e-01     8.934634484e+00     -4.532103669e-03
253.7093553231849796     5.842744245e+02     6.732303037e+02     1.654681738e+00     3.442597866e+00     1.278128067e-02     -1.935400103e-03     6.099999858e-01     -7.102853302e-02     8.952599217e+00     4.532110829e-03
263.8577295568150589     5.813249215e+02     7.075315538e+02     1.632708340e+00     3.341477170e+00     7.348981972e-02     -2.395028592e-03     5.640284299e-01     1.527143299e-02     8.973335667e+00     -1.359199668e-02
274.0061037600000304     5.787429907e+02     7.408921129e+02     1.608249511e+00     3.250324259e+00     1.071104631e-01     -2.425218629e-03     -1.537359984e-02     1.904481178e-02     9.496986869e+00     -1.005941808e-01
284.1544779631849451     5.768764413e+02     7.734017818e+02     1.587298249e+00     3.164703004e+00     8.690053804e-02     -1.703771625e-03     -6.099999441e-01     1.050800203e-02     1.002475289e+01     -1.659234220e-02
294.3028521968150244     5.758890611e+02     8.050752653e+02     1.574724656e+00     3.079436361e+00     4.338215257e-02     -7.741818429e-04     -6.099999865e-01     1.290885771e-02     1.005272663e+01     1.659233385e-02
304.4512263999999959     5.756075513e+02     8.359224776e+02     1.570796327e+00     3.000000000e+00     0.000000000e+00     0.000000000e+00     -6.099999723e-01     1.229607091e-02     1.008067483e+01     -1.659233106e-02
