0.0000000000000000     0.000000000e+00     0.000000000e+00     0.000000000e+00     3.000000000e+00     0.000000000e+00     0.000000000e+00     0.000000000e+00     6.024201667e-01     0.000000000e+00     -2.338351962e-01
4.5154045695484593     1.371857792e+01     -8.172433704e-02     1.444990950e-03     3.076289452e+00     -4.064326446e-02     6.400272344e-04     -5.868382515e-01     1.829303497e+00     4.751183300e+00     -2.609201173e-02
9.0308091404515416     2.807654998e+01     -4.330248880e-01     7.977372434e-03     3.282148710e+00     -1.455901836e-01     2.253348711e-03     -6.099999939e-01     2.349999008e+00     5.886004353e+00     1.583302290e-02
13.5462137100000017     4.348068063e+01     -1.139212994e+00     2.235955192e-02     3.534509600e+00     -2.724792938e-01     4.116924100e-03     -6.099999687e-01     2.349999982e+00     5.982459340e+00     -1.583301169e-02
18.0616182754845944     6.001960084e+01     -2.084547670e+00     4.475450068e-02     3.771964109e+00     -3.944786841e-01     5.802430152e-03     -6.099999927e-01     2.349999924e+00     6.078914029e+00     1.583300103e-02
22.5770228545154055     7.761989030e+01     -3.065479998e+00     7.420130227e-02     3.983289480e+00     -5.058409396e-01     7.240388548e-03     -6.099999823e-01     2.271832433e+00     6.223627119e+00     -1.583299643e-02
27.0924274200000035     9.609434330e+01     -3.850882766e+00     1.091315097e-01     4.133093675e+00     -5.924022461e-01     8.231185196e-03     -6.099999864e-01     1.939828919e+00     6.565040390e+00     1.583299462e-02
31.6078319854845979     1.151006893e+02     -4.214120120e+00     1.472737648e-01     4.196208709e+00     -6.449070818e-01     8.663095051e-03     -6.099999697e-01     1.498596187e+00     7.048225366e+00     -1.583298718e-02
36.1232365645154090     1.342643784e+02     -3.992829084e+00     1.863537501e-01     4.191529327e+00     -6.679771803e-01     8.646532350e-03     -5.487256447e-01     1.127434414e+00     7.435943316e+00     4.297311340e-02
40.6386411300000034     1.533313994e+02     -3.087641298e+00     2.243938524e-01     4.159710512e+00     -6.614313031e-01     8.202501498e-03     -2.079172622e-01     9.538046992e-01     7.857361753e+00     1.079805286e-01
45.1540456954845979     1.722022294e+02     -1.413664228e+00     2.593259881e-01     4.134999926e+00     -6.203775523e-01     7.269926351e-03     2.543197270e-01     1.042226899e+00     8.404029650e+00     9.675726712e-02
49.6694502745154054     1.908976552e+02     1.100600916e+00     2.891909429e-01     4.139825955e+00     -5.505037961e-01     5.958104229e-03     5.402225188e-01     1.343204800e+00     8.868576881e+00     2.987714063e-02
54.1848548400000070     2.095424367e+02     4.499736218e+00     3.125974379e-01     4.195288490e+00     -4.598322457e-01     4.409292360e-03     6.099999651e-01     1.695150704e+00     9.196156393e+00     1.029257778e-03
58.7002594054846014     2.283287977e+02     8.804495700e+00     3.287061147e-01     4.303689989e+00     -3.542107400e-01     2.725694800e-03     6.099999711e-01     1.897264667e+00     9.364942610e+00     -1.029255107e-03
63.2156639845154089     2.473954566e+02     1.396380339e+01     3.374331585e-01     4.425035941e+00     -2.478164550e-01     1.139758946e-03     6.099999819e-01     1.789986673e+00     9.512119949e+00     1.029259868e-03
67.7310685500000034     2.667044357e+02     1.978902941e+01     3.398960228e-01     4.498981468e+00     -1.600487531e-01     -4.888691825e-05     6.099999519e-01     1.326443851e+00     1.008682814e+01     -1.029273139e-03
72.2464731154845907     2.860580703e+02     2.599856562e+01     3.380054289e-01     4.499999989e+00     -9.631730277e-02     -7.885104266e-04     6.099999712e-01     7.168243407e-01     1.092675080e+01     1.029281679e-03
76.7618776945154053     3.052392417e+02     3.235687451e+01     3.332028187e-01     4.449317134e+00     -4.267687310e-02     -1.338701007e-03     6.099997273e-01     2.882748770e-01     1.139118608e+01     -1.029389714e-03
81.2772822600000069     3.241197194e+02     3.873779267e+01     3.259786083e-01     4.377867938e+00     9.946828150e-03     -1.861105504e-03     6.099999702e-01     1.052511003e-01     1.148396866e+01     1.029497334e-03
85.7926868254845942     3.426651888e+02     4.507684763e+01     3.164945226e-01     4.302623379e+00     6.022749511e-02     -2.339663466e-03     6.099998732e-01     5.525794846e-04     1.150866630e+01     -1.029540307e-03
90.3080914045154088     3.608932112e+02     5.131760623e+01     3.050918313e-01     4.229514266e+00     1.020853667e-01     -2.710910027e-03     6.099999772e-01     -1.342844180e-01     1.154986130e+01     1.029586356e-03
94.8234959699999962     3.788385164e+02     5.740588591e+01     2.922299474e-01     4.160524481e+00     1.360023599e-01     -2.985980999e-03     6.099999054e-01     -2.499970282e-01     1.158324768e+01     -1.029618155e-03
99.3389005354845978     3.965293289e+02     6.330899841e+01     2.781851839e-01     4.094326005e+00     1.679287446e-01     -3.234840762e-03     6.099999777e-01     -3.133978040e-01     1.159376188e+01     1.029650180e-03
103.8543051145154124     4.139811625e+02     6.900818791e+01     2.630794064e-01     4.029095350e+00     1.975203394e-01     -3.455933997e-03     6.099999262e-01     -3.669059187e-01     1.160177781e+01     -1.029672983e-03
108.3697096800000139     4.312016533e+02     7.448417586e+01     2.470393651e-01     3.963578228e+00     2.245439688e-01     -3.648652552e-03     6.099999757e-01     -4.466394371e-01     1.161918821e+01     1.029694921e-03
112.8851142454846013     4.481898100e+02     7.971470934e+01     2.302414999e-01     3.895435480e+00     2.473321274e-01     -3.791595585e-03     5.599849617e-01     -5.867180807e-01     1.168183262e+01     -2.318275483e-02
117.4005188245154159     4.649317011e+02     8.465454799e+01     2.132523552e-01     3.819873708e+00     2.555527142e-01     -3.733375624e-03     2.427788651e-01     -8.215400634e-01     1.214063090e+01     -1.173167693e-01
121.9159233900000032     4.813690019e+02     8.920395856e+01     1.975427183e-01     3.719039669e+00     2.314626263e-01     -3.224865514e-03     -2.827769819e-01     -1.171996027e+00     1.304616132e+01     -1.154667338e-01
126.4313279554846048     4.973254951e+02     9.322795753e+01     1.850745894e-01     3.559005944e+00     1.735166572e-01     -2.297620319e-03     -5.914215507e-01     -1.605980058e+00     1.380248924e+01     -2.124064820e-02
130.9467325345154052     5.124860805e+02     9.662049870e+01     1.772100860e-01     3.317250946e+00     9.386251827e-02     -1.185789988e-03     -6.099999740e-01     -1.997826116e+00     1.421065920e+01     1.301174068e-02
135.4621371000000067     5.264910083e+02     9.932548681e+01     1.745329252e-01     3.000000000e+00     0.000000000e+00     0.000000000e+00     -6.099999182e-01     -2.261952707e+00     1.444295694e+01     -1.301171597e-02
