0.0000000000000000     0.000000000e+00     0.000000000e+00     0.000000000e+00     3.000000000e+00     0.000000000e+00     0.000000000e+00     0.000000000e+00     6.024201667e-01     0.000000000e+00     5.749447012e-02
3.3333333330000001     1.001380255e+01     5.329855761e-03     -9.273057705e-05     3.008281219e+00     3.476873125e-03     -5.563834623e-05     1.813596323e-01     8.677401365e-01     3.158144771e-01     5.132130928e-02
6.6666666670000003     2.008495264e+01     3.329764192e-02     -5.908982070e-04     3.034399970e+00     1.537578232e-02     -2.432622317e-04     3.312550567e-01     1.116631306e+00     5.808334310e-01     3.861594533e-02
10.0000000000000000     3.027549863e+01     1.084016285e-01     -1.973952790e-03     3.079850930e+00     3.755918327e-02     -5.865705179e-04     4.387887495e-01     1.336531358e+00     7.779759287e-01     2.590427036e-02
13.3333333300000003     4.064931012e+01     2.527141894e-01     -4.749838347e-03     3.144070604e+00     7.004246399e-02     -1.078960816e-03     5.053507804e-01     1.519201840e+00     9.142411991e-01     1.403294816e-02
16.6666666699999979     5.126599506e+01     4.793840680e-01     -9.358693453e-03     3.224744823e+00     1.110778464e-01     -1.686352248e-03     5.341306747e-01     1.660364520e+00     1.004166188e+00     3.234988449e-03
20.0000000000000000     6.217621445e+01     7.876593024e-01     -1.609232634e-02     3.318383895e+00     1.574897198e-01     -2.353827482e-03     5.284507266e-01     1.759333660e+00     1.065027948e+00     -6.642957295e-03
23.3333333299999985     7.341864568e+01     1.159996455e+00     -2.503560969e-02     3.420909726e+00     2.050310412e-01     -3.012142533e-03     4.912395488e-01     1.818081922e+00     1.113343745e+00     -1.568374938e-02
26.6666666700000015     8.501823863e+01     1.561470287e+00     -3.603056579e-02     3.528112663e+00     2.488069998e-01     -3.584831125e-03     4.258127326e-01     1.840220432e+00     1.162527604e+00     -2.357234036e-02
30.0000000000000000     9.698522393e+01     1.941995966e+00     -4.867140966e-02     3.635894473e+00     2.839928432e-01     -3.999675194e-03     3.372064567e-01     1.829972878e+00     1.221060184e+00     -2.959142516e-02
33.3333333299999950     1.093144934e+02     2.241996639e+00     -6.234607229e-02     3.740302871e+00     3.068764973e-01     -4.205122384e-03     2.329903124e-01     1.791135363e+00     1.291590295e+00     -3.293826147e-02
36.6666666699999979     1.219854203e+02     2.401227477e+00     -7.633057805e-02     3.837488102e+00     3.158534019e-01     -4.185581076e-03     1.228277171e-01     1.726183077e+00     1.372073965e+00     -3.315929571e-02
40.0000000000000000     1.349625979e+02     2.368756344e+00     -8.991725888e-02     3.923758003e+00     3.118149510e-01     -3.966427419e-03     1.686534760e-02     1.635855028e+00     1.459062571e+00     -3.041812596e-02
43.3333333300000021     1.481979247e+02     2.110987373e+00     -1.025358356e-01     3.995806866e+00     2.976810065e-01     -3.604718617e-03     -7.624180477e-02     1.519459227e+00     1.551377300e+00     -2.544616547e-02
46.6666666699999979     1.616339615e+02     1.615244728e+00     -1.138278908e-01     4.051045866e+00     2.773544793e-01     -3.170514502e-03     -1.507322770e-01     1.375793272e+00     1.651853402e+00     -1.924811790e-02
50.0000000000000000     1.752080183e+02     8.884172962e-01     -1.236589686e-01     4.087909327e+00     2.546345135e-01     -2.728132179e-03     -2.040822287e-01     1.204247316e+00     1.766325789e+00     -1.276185312e-02
53.3333333300000021     1.888563575e+02     -4.794952140e-02     -1.320794897e-01     4.106047853e+00     2.324832600e-01     -2.324180450e-03     -2.364181544e-01     1.005597553e+00     1.900986225e+00     -6.639702286e-03
56.6666666699999979     2.025180617e+02     -1.163984145e+00     -1.392596110e-01     4.106344720e+00     2.127309949e-01     -1.983892335e-03     -2.495046451e-01     7.822199839e-01     2.059955596e+00     -1.212192100e-03
60.0000000000000000     2.161377598e+02     -2.429164643e+00     -1.453905602e-01     4.090616716e+00     1.949220907e-01     -1.694677189e-03     -2.450570222e-01     5.386313280e-01     2.242971029e+00     3.880765806e-03
63.3333333299999950     2.296672587e+02     -3.817321414e+00     -1.506145390e-01     4.061228853e+00     1.782726764e-01     -1.439710099e-03     -2.234722242e-01     2.802981806e-01     2.446756635e+00     9.070112984e-03
66.6666666699999979     2.430700565e+02     -5.305356013e+00     -1.550598913e-01     4.022687289e+00     1.635176143e-01     -1.227501303e-03     -1.846621304e-01     1.313449614e-02     2.666041177e+00     1.421594334e-02
70.0000000000000000     2.563316179e+02     -6.877969462e+00     -1.588239604e-01     3.983979173e+00     1.480954932e-01     -1.030940139e-03     -1.292389107e-01     -2.573702210e-01     2.895301764e+00     1.903798848e-02
73.3333333299999879     2.694547332e+02     -8.527326222e+00     -1.619694456e-01     3.946906534e+00     1.324694843e-01     -8.563509742e-04     -5.884181914e-02     -5.277903162e-01     3.131419971e+00     2.320026644e-02
76.6666666700000121     2.824304387e+02     -1.023999424e+01     -1.646175343e-01     3.902029216e+00     1.192070677e-01     -7.325022579e-04     2.366402856e-02     -7.927372650e-01     3.367115696e+00     2.630324219e-02
80.0000000000000000     2.952194456e+02     -1.199754583e+01     -1.669080928e-01     3.840215755e+00     1.067940561e-01     -6.418328410e-04     1.139884797e-01     -1.044296836e+00     3.590276694e+00     2.789142848e-02
83.3333333300000021     3.077571967e+02     -1.378312779e+01     -1.689269225e-01     3.755699211e+00     9.409706727e-02     -5.694649607e-04     2.064426438e-01     -1.274956378e+00     3.789565101e+00     2.758107002e-02
86.6666666699999979     3.199645871e+02     -1.558156571e+01     -1.707091731e-01     3.645757201e+00     8.011550026e-02     -4.998854152e-04     2.944201701e-01     -1.477515685e+00     3.955716663e+00     2.520544575e-02
90.0000000000000000     3.317580779e+02     -1.737997078e+01     -1.722380680e-01     3.510698422e+00     6.398922664e-02     -4.174515555e-04     3.712273314e-01     -1.645067560e+00     4.083342629e+00     2.087885099e-02
93.3333333300000021     3.430598153e+02     -1.916822620e+01     -1.734497584e-01     3.353848133e+00     4.518462851e-02     -3.095626840e-04     4.309021254e-01     -1.771139089e+00     4.172709991e+00     1.492602541e-02
96.6666666699999979     3.538073943e+02     -2.093905207e+01     -1.742493107e-01     3.181289519e+00     2.370504618e-02     -1.701686856e-04     4.686134827e-01     -1.849913591e+00     4.230699028e+00     7.700788976e-03
100.0000000000000000     3.639601412e+02     -2.268761041e+01     -1.745329252e-01     3.000000000e+00     0.000000000e+00     0.000000000e+00     4.877941942e-01     -1.890560340e+00     4.272384130e+00     3.807637931e-03
