02 0
31 0
0.0000000000000000     2.496391144e-10     7.739165105e-11     0.000000000e+00     6.000000000e+00     0.000000000e+00     0.000000000e+00     0.000000000e+00     1.202420167e+00     0.000000000e+00     -7.637264112e-03     -1.412888375e-02
133.3333333200000084     6.955568294e+02     5.715619603e+01     2.738808261e-01     4.500000000e+00     -3.736987792e-01     4.108212392e-03     -4.945407865e-01     1.081037274e-01     4.669843718e-01     2.191523153e-04     -2.285862841e-03
266.6666666799999916     1.148657529e+03     2.403955475e+02     8.294069586e-01     2.990725537e+00     -4.657179358e-01     4.224679595e-03     -6.291084431e-02     6.584430639e-01     6.597068571e-01     6.255296817e-03     1.054095289e-02
400.0000000000000000     1.437109962e+03     5.723285265e+02     9.727030975e-01     3.657403427e+00     1.158471950e-01     -2.075237512e-03     2.242081680e-01     1.264746717e+00     1.170419290e+00     -1.948511633e-03     -1.446398086e-03
533.3333331999999700     1.793696956e+03     9.768487379e+02     6.552128633e-01     4.499999749e+00     3.002576758e-01     -2.687116001e-03     6.137702500e-02     9.948485769e-01     1.696883244e+00     -4.939555112e-04     -2.602074021e-03
666.6666668000000300     2.290917185e+03     1.303385364e+03     4.094174044e-01     4.500000000e+00     1.380671473e-01     -9.998158819e-04     3.630309646e-02     9.434657980e-01     2.079775156e+00     1.178465831e-04     1.831332338e-03
800.0000000000000000     2.848843733e+03     1.520832132e+03     2.818373388e-01     4.499999511e+00     9.594932355e-02     -9.138851033e-04     3.494379644e-02     9.381286248e-01     2.438511220e+00     -1.382360834e-04     -1.911389936e-03
933.3333331999999700     3.429586136e+03     1.668559760e+03     1.775459325e-01     4.500000000e+00     7.867749310e-02     -6.504859911e-04     1.968364341e-02     9.358415764e-01     2.794490965e+00     -9.066621204e-05     1.877084209e-03
1066.6666668000000300     4.021927165e+03     1.761593701e+03     1.053876071e-01     4.499999480e+00     5.021444402e-02     -4.318888890e-04     1.276002991e-02     9.323341715e-01     3.148337300e+00     -1.318799047e-05     -1.929695283e-03
1200.0000000000000000     4.619285128e+03     1.815972993e+03     5.749358478e-02     4.500000000e+00     3.386406577e-02     -2.865214463e-04     9.715751527e-03     9.323252339e-01     3.500998209e+00     -3.247618525e-05     1.929561218e-03
1333.3333331999999700     5.218514298e+03     1.844904929e+03     2.688717318e-02     4.499999675e+00     2.062206664e-02     -1.725747278e-04     4.304922921e-03     9.307904475e-01     3.853144590e+00     -4.868624385e-05     -1.952583013e-03
1466.6666667999998026     5.783278360e+03     1.857447681e+03     8.562732153e-03     3.973895037e+00     1.252245221e-02     -1.022918876e-04     -2.284756757e-03     3.848668937e-01     4.084515623e+00     -5.015895133e-05     -6.236270293e-03
1600.0000000000000000     6.249295472e+03     1.860545690e+03     -2.829591710e-03     3.016602697e+00     8.456941991e-03     -6.859297036e-05     -8.270163764e-03     2.042804960e-04     4.140215215e+00     -3.962215377e-05     4.663310947e-04
1733.3333331999999700     6.605857866e+03     1.859427528e+03     -8.693333457e-03     2.331878377e+00     3.578076341e-03     -1.936315584e-05     -1.212515303e-02     1.461901750e-02     4.140445914e+00     -1.820268517e-05     -2.501100397e-04
1866.6666668000000300     6.888756228e+03     1.857118263e+03     -9.640318391e-03     1.911738224e+00     4.841296796e-04     5.158381843e-06     -1.375184916e-02     4.030256809e-04     4.140531545e+00     -6.197756832e-06     3.687016240e-05
2000.0000000000000000     7.124496688e+03     1.854966279e+03     -7.774411159e-03     1.624515185e+00     -1.704920911e-03     2.283022663e-05     -1.445402983e-02     2.148226672e-04     4.140533582e+00     -4.334953156e-06     -3.969320761e-05
2133.3333331999997426     7.327094523e+03     1.853422948e+03     -3.945372558e-03     1.414538466e+00     -3.234729978e-03     3.460535238e-05     -1.540082572e-02     2.318089885e-04     4.140535793e+00     -9.866985225e-06     3.994800243e-05
2266.6666667999998026     7.504984812e+03     1.852652874e+03     1.070046766e-03     1.253836001e+00     -4.077209832e-03     4.062593749e-05     -1.631693914e-02     2.487204738e-04     4.140538006e+00     -3.874716083e-06     -3.969433015e-05
2400.0000000000000000     7.663683929e+03     1.852670608e+03     6.626608017e-03     1.126642265e+00     -4.464301360e-03     4.272248127e-05     -1.586672388e-02     2.580303075e-04     4.140540225e+00     1.062794488e-05     3.983397765e-05
2533.3333331999997426     7.807015018e+03     1.853405082e+03     1.224219093e-02     1.023340655e+00     -4.512411307e-03     4.151126248e-05     -1.401939166e-02     2.108297280e-04     4.140542671e+00     1.708203854e-05     -4.054198635e-05
2666.6666667999998026     7.937745568e+03     1.854749898e+03     1.747139426e-02     9.377083234e-01     -4.226178963e-03     3.692678738e-05     -1.035730804e-02     1.999612624e-04     4.140546020e+00     3.784921576e-05     4.037895936e-05
2800.0000000000000000     8.057946812e+03     1.856588205e+03     2.170823860e-02     8.655103864e-01     -3.370129507e-03     2.662587778e-05     -4.898876506e-03     2.043661725e-03     4.140550305e+00     4.402725721e-05     -1.272345243e-05
2933.3333331999997426     8.169212164e+03     1.858781563e+03     2.430478771e-02     8.037881906e-01     -2.052109451e-03     1.232235877e-05     6.848204961e-04     1.844674978e-03     4.140554337e+00     3.972819782e-05     9.738651221e-06
3066.6666668000002574     8.272799384e+03     1.861152266e+03     2.506483159e-02     7.504250657e-01     -7.294677989e-04     -9.217004757e-07     4.962961459e-03     1.972782554e-04     4.140557330e+00     2.444391663e-05     -3.444960206e-05
3200.0000000000000000     8.369718379e+03     1.863525757e+03     2.416958093e-02     7.037953154e-01     5.156626371e-04     -1.250705942e-05     7.184005569e-03     2.103294936e-03     4.140562114e+00     8.871745024e-06     6.303985226e-05
3333.3333332000001974     8.460800990e+03     1.865770139e+03     2.182744603e-02     6.628563102e-01     1.674533461e-03     -2.262496411e-05     8.484434920e-03     1.156375459e-02     4.140596667e+00     1.063469524e-05     7.886704252e-05
3466.6666668000002574     8.546871724e+03     1.867790280e+03     1.820619273e-02     6.285528082e-01     2.718186654e-03     -3.169383537e-05     1.427024625e-02     3.340763960e-02     4.140895978e+00     7.615247468e-05     2.487912326e-04
3600.0000000000000000     8.629692116e+03     1.869526416e+03     1.347142919e-02     6.140110689e-01     3.610355801e-03     -3.932761779e-05     2.177716796e-02     1.202064447e-01     4.144794601e+00     3.645135106e-05     1.053190843e-03
3733.3333332000001974     8.727936598e+03     1.871045310e+03     7.656392791e-03     8.598187872e-01     4.319109006e-03     -4.789792814e-05     2.347362321e-02     5.575540472e-01     4.230816465e+00     -1.100452239e-05     5.507023195e-03
3866.6666668000002574     8.922086928e+03     1.872262794e+03     2.231598791e-03     2.052505750e+00     2.779872997e-03     -3.347398186e-05     1.606722554e-02     1.122715932e+00     4.571195148e+00     -1.000914427e-04     2.970405077e-03
4000.0000000000000000     9.258919891e+03     1.872753476e+03     0.000000000e+00     3.000000000e+00     0.000000000e+00     0.000000000e+00     0.000000000e+00     6.024201667e-01     4.979175634e+00     -1.409169403e-04     -1.077484156e-02
