0.0000000000000000     0.000000000e+00     0.000000000e+00     0.000000000e+00     3.000000000e+00     0.000000000e+00     0.000000000e+00     0.000000000e+00     6.024201667e-01     0.000000000e+00     -7.896424163e-02
14.7331645618600167     4.726947296e+01     -9.599105909e-01     2.262513825e-02     3.412921626e+00     -2.075704587e-01     3.071320918e-03     -6.099999984e-01     2.349999990e+00     3.144537830e+00     -3.842136562e-03
29.4663291281399857     1.032958936e+02     -2.985415194e+00     1.056273452e-01     4.150143246e+00     -5.854693847e-01     8.196076061e-03     -6.099999988e-01     2.349999983e+00     3.947475539e+00     3.842136511e-03
44.1994936900000042     1.677409138e+02     -1.850495501e+00     2.418891205e-01     4.498365550e+00     -8.021633153e-01     1.030120939e-02     -6.099999982e-01     1.639897904e+00     4.499327161e+00     -3.842136425e-03
58.9326582386001689     2.343971431e+02     7.144396990e+00     3.928927015e-01     4.499999995e+00     -8.665850325e-01     1.019724908e-02     -6.099999981e-01     1.492557388e+00     4.716440240e+00     3.842136432e-03
73.6658228313998364     2.992233913e+02     2.529290035e+01     5.424707978e-01     4.487914228e+00     -9.056144076e-01     1.010770247e-02     -6.099999981e-01     1.627836058e+00     4.843689900e+00     -3.842136427e-03
88.3989873800000083     3.609180636e+02     5.247514679e+01     6.920113808e-01     4.499999989e+00     -9.386849990e-01     1.019215671e-02     -6.099999983e-01     1.617606265e+00     4.964840395e+00     3.842136403e-03
103.1321519286001802     4.181886862e+02     8.834162672e+01     8.423411687e-01     4.499999991e+00     -9.579834060e-01     1.021483560e-02     -6.099999981e-01     1.613374012e+00     5.085416232e+00     -3.842136379e-03
117.8653165213998335     4.696157142e+02     1.322385353e+02     9.930045270e-01     4.499301029e+00     -9.707108850e-01     1.023743826e-02     -6.099999982e-01     1.630921274e+00     5.205489309e+00     3.842136363e-03
132.5984810699999912     5.139995459e+02     1.832863034e+02     1.144037009e+00     4.499999995e+00     -9.796928245e-01     1.026494351e-02     -6.099999982e-01     1.630034935e+00     5.325650124e+00     -3.842136359e-03
147.3316456186001631     5.502912539e+02     2.404010883e+02     1.295405538e+00     4.499898997e+00     -9.855642096e-01     1.028305594e-02     -6.099999982e-01     1.636426082e+00     5.446008079e+00     3.842136358e-03
162.0648102113998448     5.776188280e+02     3.023226085e+02     1.447017265e+00     4.499999999e+00     -9.896014060e-01     1.029795729e-02     -6.099999982e-01     1.636390815e+00     5.566655969e+00     -3.842136354e-03
176.7979747600000167     5.953241720e+02     3.676599711e+02     1.598816741e+00     4.499999988e+00     -9.923181582e-01     1.030854242e-02     -6.099999981e-01     1.640015011e+00     5.687517314e+00     3.842136357e-03
191.5311393086001885     6.029746101e+02     4.349265094e+02     1.750750923e+00     4.499999993e+00     -9.941656636e-01     1.031624337e-02     -6.099999982e-01     1.639089519e+00     5.808522241e+00     -3.842136362e-03
206.2643039013998418     6.003749712e+02     5.025811244e+02     1.902782488e+00     4.499999987e+00     -9.954236088e-01     1.032176208e-02     -6.099999980e-01     1.641876192e+00     5.929652222e+00     3.842136378e-03
220.9974684500000137     5.875713340e+02     5.690670051e+02     2.054883532e+00     4.499999869e+00     -9.962809950e-01     1.032567502e-02     -6.099999981e-01     1.640373381e+00     6.050877911e+00     -3.842136387e-03
235.7306329986001856     5.648494231e+02     6.328501771e+02     2.207033692e+00     4.499999995e+00     -9.968659463e-01     1.032842940e-02     -6.099999979e-01     1.642760024e+00     6.172197483e+00     3.842136416e-03
250.4637975913998389     5.327289174e+02     6.924545263e+02     2.359205789e+00     4.499653858e+00     -9.971514772e-01     1.032865301e-02     -6.099999980e-01     1.639555492e+00     6.293536230e+00     -3.842136428e-03
265.1969621399999824     4.919467041e+02     7.465040433e+02     2.511404526e+00     4.499999995e+00     -9.975463592e-01     1.033204565e-02     -6.099999975e-01     1.645678925e+00     6.415325762e+00     3.842136490e-03
279.9301266886001827     4.434516044e+02     7.937421061e+02     2.663572257e+00     4.498292952e+00     -9.971705513e-01     1.032444401e-02     -6.099999976e-01     1.631735022e+00     6.537530482e+00     -3.842136498e-03
294.6632912813998360     3.883557723e+02     8.330835915e+02     2.815762736e+00     4.499999991e+00     -9.978997983e-01     1.033513367e-02     -6.099999967e-01     1.658148904e+00     6.664400273e+00     3.842136618e-03
309.3964558299999794     3.279213725e+02     8.636248989e+02     2.968029959e+00     4.499999991e+00     -9.979796228e-01     1.033486192e-02     -6.099999964e-01     1.626621646e+00     6.799868762e+00     -3.842136568e-03
324.1296203786001797     2.643272847e+02     8.845061345e+02     3.116660580e+00     4.398160665e+00     -9.651429123e-01     9.841471632e-03     -6.099999843e-01     1.175806483e+00     7.081798625e+00     3.842138205e-03
338.8627849713998899     2.004324393e+02     8.951930578e+02     3.246098426e+00     4.238161916e+00     -8.228391623e-01     7.729477984e-03     6.052019869e-02     9.693168435e-01     7.908820730e+00     8.717974377e-02
353.5959495200000333     1.370094660e+02     8.959727020e+02     3.330300496e+00     4.282913296e+00     -5.426564554e-01     3.700798238e-03     6.099999542e-01     1.593772215e+00     8.886233140e+00     -1.258887726e-02
368.3291140686002336     7.251657357e+01     8.886018962e+02     3.354543117e+00     4.499999987e+00     -2.259903491e-01     -4.099071413e-04     6.099999955e-01     1.532845529e+00     9.689613008e+00     1.258888286e-02
383.0622786613998869     7.224903944e+00     8.768888279e+02     3.330526497e+00     4.499999993e+00     1.497555198e-02     -2.850304832e-03     6.099999818e-01     3.454729688e-01     1.073651383e+01     -1.258888472e-02
397.7954432100000304     -5.630883840e+01     8.649687814e+02     3.280862561e+00     4.272002269e+00     1.668376379e-01     -3.891483110e-03     6.099999952e-01     -3.212775906e-01     1.135677166e+01     1.258888655e-02
412.5286077586001738     -1.168087589e+02     8.551221667e+02     3.220288556e+00     4.038348850e+00     2.617341453e-01     -4.331326749e-03     5.445142199e-01     -4.943514595e-01     1.144787549e+01     -2.147846014e-02
427.2617723513998840     -1.737754811e+02     8.485433483e+02     3.164987067e+00     3.734194123e+00     2.273757269e-01     -3.175748637e-03     -2.825114517e-01     -1.137214009e+00     1.246857237e+01     -9.078875415e-02
441.9949369000000274     -2.233367673e+02     8.462253440e+02     3.141592654e+00     3.000000000e+00     0.000000000e+00     0.000000000e+00     -6.099999796e-01     -2.206260780e+00     1.415500655e+01     4.633278863e-02
