01 0
31 0
0.0000000000000000     2.496391144e-10     7.739165105e-11     0.000000000e+00     3.000000000e+00     4.932919874e-03     3.639775782e-04     0.000000000e+00     6.024201667e-01     0.000000000e+00     -4.154763357e-06     1.525094275e-03
3.3333333330000001     9.999989117e+00     2.042201522e-02     1.174922788e-03     3.000000000e+00     3.795524282e-03     3.409760944e-04     -2.027588066e-05     6.026042782e-01     3.702329279e-03     -8.010765040e-06     -1.414627381e-03
6.6666666670000003     1.999995484e+01     4.859068101e-02     2.275969875e-03     3.000000000e+00     2.753013658e-03     3.196521581e-04     -4.589313794e-05     6.024459113e-01     7.395071781e-03     -7.359589330e-06     1.319607291e-03
10.0000000000000000     2.999989416e+01     8.409912224e-02     3.308548879e-03     3.000000000e+00     1.798535798e-03     2.998952440e-04     -6.919147242e-05     6.026238550e-01     1.107909547e-02     -6.619411356e-06     -1.212841118e-03
13.3333333300000003     3.999980453e+01     1.265707124e-01     4.277704694e-03     3.000000000e+00     9.257331221e-04     2.815982452e-04     -8.989691166e-05     6.024603883e-01     1.475489484e-02     -5.803852186e-06     1.114761093e-03
16.6666666699999979     4.999968378e+01     1.756569740e-01     5.188134202e-03     3.000000000e+00     1.286263449e-04     2.646594596e-04     -1.077916658e-04     6.026341278e-01     1.842325849e-02     -4.933000321e-06     -1.010517389e-03
20.0000000000000000     5.999953008e+01     2.310354389e-01     6.044204309e-03     3.000000000e+00     -5.983919544e-04     2.489826045e-04     -1.227134191e-04     6.024672227e-01     2.208476451e-02     -4.020051627e-06     9.103743259e-04
23.3333333299999985     6.999934186e+01     2.924076548e-01     6.849970041e-03     3.000000000e+00     -1.260570916e-03     2.344768349e-04     -1.345520739e-04     6.026381613e-01     2.574015149e-02     -3.083141292e-06     -8.078111492e-04
26.6666666700000015     7.999911782e+01     3.594973321e-01     7.609192495e-03     3.000000000e+00     -1.862812809e-03     2.210566373e-04     -1.432492795e-04     6.024689940e-01     2.939005049e-02     -2.135182039e-06     7.063107704e-04
30.0000000000000000     8.999885685e+01     4.320486202e-01     8.325356461e-03     3.000000000e+00     -2.409689842e-03     2.086417423e-04     -1.487955666e-04     6.026381182e-01     3.303517024e-02     -1.192590211e-06     -6.048362237e-04
33.3333333299999950     9.999855803e+01     5.098245067e-01     9.001687604e-03     3.000000000e+00     -2.905458463e-03     1.971569435e-04     -1.512300951e-04     6.024675100e-01     3.667617435e-02     -2.681269193e-07     5.024713104e-04
36.6666666699999979     1.099982206e+02     5.926053314e-01     9.641169084e-03     3.000000000e+00     -3.354077587e-03     1.865319446e-04     -1.506381883e-04     6.026355038e-01     4.031375462e-02     6.232710198e-07     -4.016750706e-04
40.0000000000000000     1.199978438e+02     6.801874071e-01     1.024655756e-02     3.000000000e+00     -3.759224187e-03     1.767011414e-04     -1.471513787e-04     6.024640200e-01     4.394859381e-02     1.468814726e-06     2.987847984e-04
43.3333333300000021     1.299974272e+02     7.723817403e-01     1.082039852e-02     3.000000000e+00     -4.124311616e-03     1.676034356e-04     -1.409454230e-04     6.026313502e-01     4.758137495e-02     2.254758703e-06     -1.983866497e-04
46.6666666699999979     1.399969703e+02     8.690128452e-01     1.136504092e-02     3.000000000e+00     -4.452505368e-03     1.591820046e-04     -1.322407016e-04     6.024593739e-01     5.121279140e-02     2.968074134e-06     9.520083646e-05
50.0000000000000000     1.499964727e+02     9.699176449e-01     1.188265111e-02     3.000000000e+00     -4.746740667e-03     1.513841053e-04     -1.213007763e-04     6.026263543e-01     5.484352233e-02     3.595881061e-06     4.987429205e-06
53.3333333300000021     1.599959342e+02     1.074944454e+00     1.237522603e-02     3.000000000e+00     -5.009737686e-03     1.441608483e-04     -1.084331930e-04     6.024541404e-01     5.847426636e-02     4.124668901e-06     -1.083157813e-04
56.6666666699999979     1.699953545e+02     1.183952035e+00     1.284460578e-02     3.000000000e+00     -5.244017956e-03     1.374670050e-04     -9.398863010e-05     6.026209778e-01     6.210570166e-02     4.542068847e-06     2.084182104e-04
60.0000000000000000     1.799947334e+02     1.296808731e+00     1.329248545e-02     3.000000000e+00     -5.451918671e-03     1.312607958e-04     -7.836208541e-05     6.024486927e-01     6.573852892e-02     4.833857966e-06     -3.117892632e-04
63.3333333299999950     1.899940707e+02     1.413391656e+00     1.372042629e-02     3.000000000e+00     -5.635607742e-03     1.255037075e-04     -6.199263553e-05     6.026155204e-01     6.937342690e-02     4.987811964e-06     4.118858702e-04
66.6666666699999979     1.999933663e+02     1.533585956e+00     1.412986630e-02     3.000000000e+00     -5.797097019e-03     1.201603003e-04     -4.536497865e-05     6.024432703e-01     7.301109649e-02     4.988782164e-06     -5.152359365e-04
70.0000000000000000     2.099926202e+02     1.657284122e+00     1.452213020e-02     3.000000000e+00     -5.938255980e-03     1.151980396e-04     -2.900981775e-05     6.026101722e-01     7.665221781e-02     4.824314379e-06     6.153771113e-04
73.3333333299999879     2.199918323e+02     1.784385358e+00     1.489843881e-02     3.000000000e+00     -6.060823813e-03     1.105871222e-04     -1.350574241e-05     6.024380232e-01     8.029749100e-02     4.478130822e-06     -7.186665334e-04
76.6666666700000121     2.299910026e+02     1.914794999e+00     1.525991789e-02     3.000000000e+00     -6.166421833e-03     1.063003260e-04     5.197620030e-07     6.026050511e-01     8.394759788e-02     3.937171828e-06     8.188832596e-04
80.0000000000000000     2.399901310e+02     2.048423981e+00     1.560760652e-02     3.000000000e+00     -6.256564421e-03     1.023128542e-04     1.238810959e-05     6.024330434e-01     8.760323734e-02     3.183836726e-06     -9.220878466e-04
83.3333333300000021     2.499892176e+02     2.185188347e+00     1.594246495e-02     3.000000000e+00     -6.332670298e-03     9.860220457e-05     2.136794912e-05     6.026002285e-01     9.126509305e-02     2.204066992e-06     1.022398894e-03
86.6666666699999979     2.599882625e+02     2.325008800e+00     1.626538201e-02     3.000000000e+00     -6.396072348e-03     9.514803112e-05     2.667260874e-05     6.024283868e-01     9.493386244e-02     9.787287775e-07     -1.125503909e-03
90.0000000000000000     2.699872656e+02     2.467810291e+00     1.657718212e-02     3.000000000e+00     -6.448027919e-03     9.193203291e-05     2.745775402e-05     6.025957484e-01     9.861023113e-02     -5.076416081e-07     1.225920874e-03
93.3333333300000021     2.799862271e+02     2.613521650e+00     1.687863190e-02     3.000000000e+00     -6.489727564e-03     8.893783295e-05     2.281842391e-05     6.024240885e-01     1.022948950e-01     -2.275956458e-06     -1.328916818e-03
96.6666666699999979     2.899851471e+02     2.762075239e+00     1.717044643e-02     3.000000000e+00     -6.522304560e-03     8.615088679e-05     1.178598855e-05     6.025916399e-01     1.059885418e-01     -4.343504759e-06     1.429447676e-03
100.0000000000000000     2.999840256e+02     2.913406802e+00     1.745329252e-02     3.000000000e+00     -6.546743497e-03     8.355679783e-05     0.000000000e+00     6.024201667e-01     1.096918653e-01     -2.728088369e-06     -1.532331636e-03
