04 0
31 0
0.0000000000000000     2.496391144e-10     7.739165105e-11     0.000000000e+00     3.000000000e+00     0.000000000e+00     0.000000000e+00     0.000000000e+00     6.024201667e-01     0.000000000e+00     -7.769017248e-03     -1.729486084e-04
13.3325086153334151     3.999756893e+01     -4.079542164e-02     8.703585516e-04     3.000000000e+00     -8.730770415e-03     1.305618585e-04     -1.440951868e-01     6.069754948e-01     3.148124169e-02     -1.384659778e-02     8.562900952e-04
26.6650172346665819     7.999608896e+01     -2.147205403e-01     5.151080257e-03     3.000000000e+00     -3.542433220e-02     5.115861166e-04     -3.075337914e-01     6.251600639e-01     6.731913154e-02     -1.067070938e-02     1.871563998e-03
39.9975258500000024     1.200002915e+02     -5.529071957e-01     1.577880048e-02     3.000000000e+00     -7.810460633e-02     1.082670527e-03     -4.309581185e-01     6.542023521e-01     9.603160028e-02     -7.844084883e-03     2.485048711e-03
53.3300344533341573     1.600218864e+02     -9.403294652e-01     3.466190009e-02     3.000000000e+00     -1.314002954e-01     1.749969624e-03     -5.187999493e-01     6.916312373e-01     1.212194431e-01     -5.333004797e-03     3.129631357e-03
66.6625430966658428     2.000780439e+02     -1.138461355e+00     6.263980416e-02     3.000000000e+00     -1.905353622e-01     2.446975583e-03     -5.749264404e-01     7.345247221e-01     1.454877875e-01     -3.086489648e-03     3.304789352e-03
79.9950517000000048     2.401831756e+02     -8.282028432e-01     9.977280592e-02     3.000000000e+00     -2.511643618e-01     3.123319225e-03     -6.025311246e-01     7.783689263e-01     1.705451035e-01     -1.054469113e-03     3.272248089e-03
93.3275603033341525     2.803358182e+02     3.565773758e-01     1.455308002e-01     3.000000000e+00     -3.095034193e-01     3.740804488e-03     -6.099999777e-01     8.199671891e-01     1.974830017e-01     -6.592814750e-05     2.967877302e-03
106.6600689466658451     3.205045044e+02     2.798015228e+00     1.989648434e-01     3.000000000e+00     -3.627025146e-01     4.274797789e-03     -6.053620167e-01     8.568250289e-01     2.266745836e-01     7.616653308e-04     2.561140656e-03
119.9925775499999929     3.606159364e+02     6.867844898e+00     2.588134942e-01     3.000000000e+00     -4.083049852e-01     4.703055143e-03     -5.849713055e-01     8.843928635e-01     2.579916287e-01     2.297130545e-03     1.574290334e-03
133.3250861533341549     4.005468406e+02     1.290782179e+01     3.234691074e-01     3.000000000e+00     -4.436224776e-01     4.995886755e-03     -5.451921839e-01     8.983930949e-01     2.912082203e-01     3.670106789e-03     5.258742752e-04
146.6575947966658191     4.401228172e+02     2.120747545e+01     3.909476750e-01     3.000000000e+00     -4.663105725e-01     5.126524482e-03     -4.882926058e-01     8.977115433e-01     3.259868231e-01     4.865357879e-03     -6.281133436e-04
159.9901034000000095     4.791291147e+02     3.197570250e+01     4.590054920e-01     3.000000000e+00     -4.750774749e-01     5.082779557e-03     -4.168005914e-01     8.828935869e-01     3.617549192e-01     5.859107634e-03     -1.594717608e-03
173.3226120033341715     5.173338340e+02     4.531690252e+01     5.253521100e-01     3.000000000e+00     -4.698801207e-01     4.869828756e-03     -3.336016364e-01     8.564225362e-01     3.977694302e-01     6.621507584e-03     -2.376185603e-03
186.6551206466658357     5.545186204e+02     6.122129532e+01     5.878719872e-01     3.000000000e+00     -4.518629866e-01     4.508732909e-03     -2.420048741e-01     8.217688923e-01     4.331514120e-01     7.118856651e-03     -2.822182521e-03
199.9876292499999977     5.905089100e+02     7.957217627e+01     6.448021461e-01     3.000000000e+00     -4.230226615e-01     4.031319173e-03     -1.457744495e-01     7.831459744e-01     4.669888172e-01     7.316599929e-03     -2.971613540e-03
213.3201378533341597     6.251958424e+02     1.001675575e+02     6.948336414e-01     3.000000000e+00     -3.857372751e-01     3.473869336e-03     -4.911200692e-02     7.443877334e-01     4.984720071e-01     7.183663346e-03     -2.842482230e-03
226.6526464966658239     6.585455522e+02     1.227494399e+02     7.371327826e-01     3.000000000e+00     -3.423511958e-01     2.871394332e-03     4.341977579e-02     7.088850807e-01     5.269829025e-01     6.696962627e-03     -2.483245096e-03
239.9851550999999859     6.905963633e+02     1.470330104e+02     7.713002105e-01     3.000000000e+00     -2.949356390e-01     2.254036873e-03     1.270279502e-01     6.787639631e-01     5.522009372e-01     5.845039296e-03     -2.035202019e-03
253.3176637033341478     7.214476945e+02     1.727302232e+02     7.972985478e-01     3.000000000e+00     -2.452295195e-01     1.645954957e-03     1.968676659e-01     6.552375348e-01     5.741333763e-01     4.631566083e-03     -1.493980515e-03
266.6501723466658405     7.512453111e+02     1.995654813e+02     8.153794301e-01     3.000000000e+00     -1.947310032e-01     1.066345153e-03     2.482635008e-01     6.381420520e-01     5.931504433e-01     3.078286035e-03     -1.070500527e-03
279.9826809499999740     7.801665704e+02     2.272837293e+02     8.260337168e-01     3.000000000e+00     -1.448860706e-01     5.318967051e-04     2.769830333e-01     6.267010598e-01     6.099857582e-01     1.229910309e-03     -6.457544651e-04
293.3151895533341076     8.084075825e+02     2.556526957e+02     8.299800242e-01     3.000000000e+00     -9.733219759e-02     6.008602232e-05     2.796130008e-01     6.193087228e-01     6.257002082e-01     -8.353907821e-04     -4.631646729e-04
306.6476981966658855     8.361724543e+02     2.844615945e+02     8.281953108e-01     3.000000000e+00     -5.412495805e-02     -3.278095879e-04     2.541458170e-01     6.144774695e-01     6.415811151e-01     -2.984923079e-03     -2.615681513e-04
319.9802068000000190     8.636634182e+02     3.135188466e+02     8.219748435e-01     3.000000000e+00     -1.785415191e-02     -6.053182380e-04     2.008876752e-01     6.106990478e-01     6.588650498e-01     -5.004292359e-03     -3.052301627e-04
333.3127154033341526     8.910698414e+02     3.426517288e+02     8.129815362e-01     3.000000000e+00     8.530217100e-03     -7.437612992e-04     1.237895048e-01     6.074931158e-01     6.782515845e-01     -6.561148560e-03     -1.756893904e-04
346.6452240466658736     9.185531949e+02     3.717121688e+02     8.031816223e-01     3.000000000e+00     2.267505474e-02     -7.263167184e-04     3.237834536e-02     6.051399331e-01     6.992386721e-01     -7.151373524e-03     -1.773098482e-04
359.9777326500000072     9.462279133e+02     4.005909398e+02     7.945703373e-01     3.000000000e+00     2.418281374e-02     -5.654559295e-04     -5.547121357e-02     6.046694955e-01     7.197076768e-01     -6.026875437e-03     1.067398547e-04
373.3102412533341408     9.741436914e+02     4.292362793e+02     7.886975182e-01     3.000000000e+00     1.579056639e-02     -3.155214223e-04     -1.095878930e-01     6.052526841e-01     7.370595777e-01     -2.091128608e-03     -1.925615513e-05
386.6427498966658618     1.002273268e+03     4.576710684e+02     7.859961678e-01     3.000000000e+00     4.892122535e-03     -8.970620622e-05     -8.152811380e-02     6.038091685e-01     7.546172578e-01     6.300355845e-03     -1.972845775e-04
399.9752584999999954     1.030524257e+03     4.859850907e+02     7.853981634e-01     3.000000000e+00     0.000000000e+00     0.000000000e+00     0.000000000e+00     6.024201667e-01     7.741588866e-01     5.929617693e-03     -1.107859066e-05
