01 0
31 0
0.0000000000000000     2.496391144e-10     7.739165105e-11     0.000000000e+00     3.000000000e+00     0.000000000e+00     0.000000000e+00     0.000000000e+00     6.024201667e-01     0.000000000e+00     -2.231202621e-02     -7.982690153e-04
6.6666453560000027     1.999994182e+01     -1.689995878e-02     3.113916545e-04     3.000000000e+00     -6.004179104e-03     9.341779494e-05     -2.002400369e-01     6.108373127e-01     7.187142070e-02     -3.776017688e-02     3.323420897e-03
13.3332907139999985     4.000001219e+01     -9.481462257e-02     1.831894917e-03     3.000000000e+00     -2.380019160e-02     3.627346418e-04     -4.090663003e-01     6.387339876e-01     1.490736049e-01     -2.488790237e-02     5.045608310e-03
19.9999360700000040     6.000086336e+01     -2.696417438e-01     5.555079161e-03     3.000000000e+00     -5.080976976e-02     7.542242017e-04     -5.374745110e-01     6.690259067e-01     1.858661946e-01     -1.363468397e-02     4.041996490e-03
26.6665814200000213     8.000417586e+01     -5.383224333e-01     1.204122156e-02     3.000000000e+00     -8.258940951e-02     1.191624738e-03     -5.958249440e-01     6.918109308e-01     2.026290196e-01     -3.870501893e-03     2.793532572e-03
33.3332267899999763     1.000127003e+02     -8.657242165e-01     2.143997665e-02     3.000000000e+00     -1.161019042e-01     1.628010801e-03     -6.099998249e-01     7.080839501e-01     2.133385671e-01     -3.819759655e-04     2.088388825e-03
39.9998721400000079     1.200297711e+02     -1.200431332e+00     3.367557796e-02     3.000000000e+00     -1.497447778e-01     2.042681327e-03     -6.100000000e-01     7.234714551e-01     2.239545815e-01     3.819234235e-04     2.527877442e-03
46.6665174900000252     1.400585738e+02     -1.484534785e+00     4.856476249e-02     3.000000000e+00     -1.824311879e-01     2.424088309e-03     -5.914024524e-01     7.358076572e-01     2.357669317e-01     5.197358688e-03     1.172995020e-03
53.3331628599999803     1.601011498e+02     -1.655239879e+00     6.581155704e-02     3.000000000e+00     -2.123845720e-01     2.749966593e-03     -5.384288705e-01     7.395948007e-01     2.514099437e-01     1.069476667e-02     -3.684835040e-05
59.9998082099999976     1.801570151e+02     -1.643381538e+00     8.493965422e-02     3.000000000e+00     -2.371776038e-01     2.988480904e-03     -4.523675276e-01     7.345263735e-01     2.737854194e-01     1.512371873e-02     -1.483684654e-03
66.6664535600000221     2.002217513e+02     -1.375619642e+00     1.052700115e-01     3.000000000e+00     -2.544972158e-01     3.110645788e-03     -3.407232439e-01     7.225006616e-01     3.034968410e-01     1.836967344e-02     -2.124040474e-03
73.3330989299999771     2.202862615e+02     -7.809686452e-01     1.259697725e-01     3.000000000e+00     -2.627353011e-01     3.099302361e-03     -2.116640075e-01     7.066930341e-01     3.391396782e-01     2.034822124e-02     -2.618262920e-03
79.9997442800000158     2.403372406e+02     2.010205826e-01     1.461465717e-01     3.000000000e+00     -2.613259329e-01     2.953756736e-03     -7.370256898e-02     6.904712044e-01     3.778564192e-01     2.104034261e-02     -2.248301534e-03
86.6663896300000260     2.603589354e+02     1.613071632e+00     1.649558191e-01     3.000000000e+00     -2.507539446e-01     2.689035510e-03     6.475278043e-02     6.770142523e-01     4.162423803e-01     2.049639498e-02     -1.788797015e-03
93.3330349999999811     2.803356892e+02     3.476003968e+00     1.816881534e-01     3.000000000e+00     -2.322886968e-01     2.330680831e-03     1.958091069e-01     6.679984056e-01     4.512332054e-01     1.882062864e-02     -9.159656263e-04
99.9996803500000055     3.002544705e+02     5.788227046e+00     1.958174004e-01     3.000000000e+00     -2.076089708e-01     1.908106817e-03     3.123813892e-01     6.637571412e-01     4.806358093e-01     1.615116784e-02     -3.564177694e-04
106.6663257000000300     3.201067062e+02     8.528283212e+00     2.070091085e-01     3.000000000e+00     -1.784557005e-01     1.449416337e-03     4.083754994e-01     6.628992265e-01     5.034674140e-01     1.264715727e-02     9.904253488e-05
113.3329710699999850     3.398891130e+02     1.165917969e+01     2.151019166e-01     3.000000000e+00     -1.463985392e-01     9.784338633e-04     4.787837807e-01     6.634230263e-01     5.199895523e-01     8.475394633e-03     5.809789960e-05
119.9996164199999953     3.596036223e+02     1.513311405e+01     2.200766200e-01     3.000000000e+00     -1.127656332e-01     5.139819189e-04     5.197007211e-01     6.629197664e-01     5.316626865e-01     3.799726722e-03     -2.090763600e-04
126.6662617700000197     3.792567381e+02     1.889543915e+01     2.220279358e-01     3.000000000e+00     -7.872336119e-02     7.141469481e-05     5.283206879e-01     6.598133674e-01     5.409600624e-01     -1.213728422e-03     -7.228462918e-04
133.3329071399999748     3.988586897e+02     2.288720269e+01     2.211519593e-01     3.000000000e+00     -4.546927350e-02     -3.342084645e-04     5.030449268e-01     6.532016780e-01     5.510519376e-01     -6.369024140e-03     -1.260666875e-03
139.9995524899999850     4.184226011e+02     2.704612195e+01     2.177571670e-01     3.000000000e+00     -1.448227360e-02     -6.842324897e-04     4.438089977e-01     6.435285391e-01     5.652882018e-01     -1.140181142e-02     -1.641284067e-03
146.6661978400000237     4.379636668e+02     3.130652284e+01     2.122960329e-01     3.000000000e+00     1.230515228e-02     -9.541129911e-04     3.526580674e-01     6.318974254e-01     5.864326141e-01     -1.594355506e-02     -1.848061215e-03
153.3328432099999930     4.574980064e+02     3.560003277e+01     2.053894668e-01     3.000000000e+00     3.275649899e-02     -1.117863465e-03     2.345363526e-01     6.205549572e-01     6.156099896e-01     -1.949307266e-02     -1.554690121e-03
159.9994885600000316     4.770409387e+02     3.985903676e+01     1.978064868e-01     3.000000000e+00     4.511443711e-02     -1.157037785e-03     9.821029731e-02     6.121166435e-01     6.512582868e-01     -2.140487464e-02     -9.768120639e-04
166.6661339100000419     4.966050138e+02     4.402293456e+01     1.903887624e-01     3.000000000e+00     4.853650788e-02     -1.068286662e-03     -4.278390839e-02     6.092108827e-01     6.885721855e-01     -2.089352227e-02     1.050810374e-04
173.3327792799999827     5.161984578e+02     4.804563260e+01     1.839344734e-01     3.000000000e+00     4.346781148e-02     -8.680062287e-04     -1.692198767e-01     6.120336937e-01     7.202750878e-01     -1.703738947e-02     7.417649632e-04
179.9994246300000214     5.358244414e+02     5.190244404e+01     1.790636144e-01     3.000000000e+00     3.179901745e-02     -5.932561209e-04     -2.551618044e-01     6.170707584e-01     7.400917913e-01     -8.745271261e-03     7.693592753e-04
186.6660699800000316     5.554810628e+02     5.559531602e+01     1.760790629e-01     3.000000000e+00     1.700085539e-02     -3.021122106e-04     -2.664032420e-01     6.169659756e-01     7.512586638e-01     5.372829210e-03     -8.007942021e-04
193.3327153500000009     5.751613373e+02     5.915737442e+01     1.748024753e-01     3.000000000e+00     4.701863650e-03     -8.086528765e-05     -1.578374732e-01     6.074784700e-01     7.845343154e-01     2.719700553e-02     -2.045466595e-03
199.9993607000000111     5.948542353e+02     6.264841534e+01     1.745329252e-01     3.000000000e+00     0.000000000e+00     0.000000000e+00     0.000000000e+00     6.024201667e-01     8.301982090e-01     2.015438778e-02     5.279707534e-04
