07 0
31 0
0.0000000000000000     2.496391144e-10     7.739165105e-11     0.000000000e+00     3.000000000e+00     0.000000000e+00     0.000000000e+00     0.000000000e+00     6.024201667e-01     0.000000000e+00     -1.557507978e-02     -8.393536289e-04
13.1875287520145807     3.956272039e+01     -7.214345879e-02     1.535819341e-03     3.000000000e+00     -1.554863874e-02     2.329199604e-04     -2.643856975e-01     6.176277249e-01     7.106670917e-02     -2.452124175e-02     3.145708126e-03
26.3750575079854208     7.912811552e+01     -3.638833857e-01     8.739682618e-03     3.000000000e+00     -5.952464444e-02     8.596066831e-04     -5.075897433e-01     6.644390017e-01     1.387541569e-01     -1.236270366e-02     3.953616923e-03
39.5625862600000033     1.187072524e+02     -8.779187066e-01     2.541597065e-02     3.000000000e+00     -1.209328969e-01     1.669493093e-03     -6.011910560e-01     7.075601250e-01     1.691613203e-01     -1.832725214e-03     2.586065238e-03
52.7501150001458043     1.583209118e+02     -1.358074532e+00     5.261864061e-02     3.000000000e+00     -1.862063518e-01     2.456021314e-03     -6.099999876e-01     7.424022450e-01     1.911260406e-01     4.967763097e-04     2.698036249e-03
65.9376437798541986     1.979882943e+02     -1.409472296e+00     8.959767677e-02     3.000000000e+00     -2.490619339e-01     3.152161513e-03     -6.083128816e-01     7.800286306e-01     2.151613638e-01     -2.409124597e-04     3.008322587e-03
79.1251725200000067     2.377114070e+02     -6.194149119e-01     1.351748518e-01     3.000000000e+00     -3.076489231e-01     3.760001622e-03     -6.099999726e-01     8.198256293e-01     2.416973088e-01     -1.494909923e-05     3.027228036e-03
92.3127012601458006     2.774629672e+02     1.399415799e+00     1.882363741e-01     3.000000000e+00     -3.610330238e-01     4.287225912e-03     -6.099999349e-01     8.578891975e-01     2.706523970e-01     1.495475009e-05     2.745433231e-03
105.5002300398542019     3.171782525e+02     5.001540394e+00     2.477484938e-01     3.000000000e+00     -4.085723018e-01     4.738289158e-03     -6.099999220e-01     8.927870421e-01     3.019027811e-01     -1.495273167e-05     2.547119341e-03
118.6877587799999958     3.567511418e+02     1.050267819e+01     3.127507503e-01     3.000000000e+00     -4.501414639e-01     5.119851470e-03     -6.100000000e-01     9.238147218e-01     3.352868812e-01     1.493700329e-05     2.158490066e-03
131.8752875201458039     3.960343455e+02     1.817291547e+01     3.823740013e-01     3.000000000e+00     -4.859354309e-01     5.439101965e-03     -6.099945223e-01     9.506260748e-01     3.705922568e-01     -1.410237203e-05     1.907677830e-03
145.0628162998541768     4.348428742e+02     2.823208395e+01     4.558459929e-01     3.000000000e+00     -5.163654341e-01     5.703545443e-03     -6.099999031e-01     9.734721340e-01     4.076139763e-01     1.328633577e-05     1.557119804e-03
158.2503450400000133     4.729595797e+02     4.084732225e+01     5.324828080e-01     3.000000000e+00     -5.418633846e-01     5.919074160e-03     -6.087397344e-01     9.920861011e-01     4.460967435e-01     1.778288749e-04     1.265845359e-03
171.4378737801458215     5.101427368e+02     5.613127211e+01     6.116989775e-01     3.000000000e+00     -5.631274311e-01     6.094726315e-03     -6.099999851e-01     1.008291422e+00     4.858872429e-01     -3.689565229e-04     1.191828225e-03
184.6254025598541944     5.461287276e+02     7.414789290e+01     6.928411822e-01     3.000000000e+00     -5.790813284e-01     6.211173632e-03     -5.891508841e-01     1.013094367e+00     5.272395160e-01     3.530898694e-03     -4.634210978e-04
197.8129313000000025     5.806182794e+02     9.492844560e+01     7.744921083e-01     3.000000000e+00     -5.835752341e-01     6.171878207e-03     -5.096497922e-01     9.904596562e-01     5.731587964e-01     8.526112740e-03     -2.969323792e-03
211.0004600401458106     6.132735431e+02     1.184592564e+02     8.538291685e-01     3.000000000e+00     -5.687003717e-01     5.860256331e-03     -3.735458119e-01     9.394732806e-01     6.265724912e-01     1.211520422e-02     -4.763190263e-03
224.1879888198541835     6.437737222e+02     1.446254433e+02     9.270299240e-01     3.000000000e+00     -5.313316274e-01     5.241255829e-03     -2.009352285e-01     8.723035326e-01     6.852370431e-01     1.406264704e-02     -5.423668730e-03
237.3755175599999916     6.719125594e+02     1.731710421e+02     9.904622432e-01     3.000000000e+00     -4.746793908e-01     4.378790546e-03     -1.386832475e-02     8.042702463e-01     7.431411327e-01     1.430762712e-02     -4.894153124e-03
250.5630463001457997     6.976690286e+02     2.037243545e+02     1.041663251e+00     3.000000000e+00     -4.053955267e-01     3.386274243e-03     1.659984119e-01     7.473212830e-01     7.940785387e-01     1.297068095e-02     -3.742637616e-03
263.7505750798541726     7.212107586e+02     2.358674939e+02     1.079623037e+00     3.000000000e+00     -3.300238250e-01     2.370647602e-03     3.195085969e-01     7.062355244e-01     8.344271153e-01     1.031043369e-02     -2.488364310e-03
276.9381038199999807     7.428439700e+02     2.692028703e+02     1.104513241e+00     3.000000000e+00     -2.531895064e-01     1.404161741e-03     4.312714257e-01     6.796372040e-01     8.639123866e-01     6.639342163e-03     -1.545495397e-03
290.1256325601457888     7.629490232e+02     3.033897554e+02     1.117238287e+00     3.000000000e+00     -1.776994320e-01     5.256989461e-04     4.897502416e-01     6.624058591e-01     8.851961720e-01     2.229463600e-03     -1.067783431e-03
303.3131613398542186     7.819313695e+02     3.381507428e+02     1.119122576e+00     3.000000000e+00     -1.057932889e-01     -2.399307283e-04     4.866349203e-01     6.494521921e-01     9.031566727e-01     -2.701928389e-03     -8.967494629e-04
316.5006900800000267     8.001971497e+02     3.732591063e+02     1.111903449e+00     3.000000000e+00     -4.092612260e-02     -8.549106700e-04     4.172881152e-01     6.370738801e-01     9.241536696e-01     -7.815099671e-03     -9.805259790e-04
329.6882188201458348     8.181460911e+02     4.085179325e+02     1.098053088e+00     3.000000000e+00     1.060528552e-02     -1.245613495e-03     2.841796525e-01     6.242263868e-01     9.541351871e-01     -1.237192168e-02     -9.679047590e-04
342.8757475998542077     8.361559593e+02     4.437455103e+02     1.081068229e+00     3.000000000e+00     4.120112841e-02     -1.330283623e-03     1.033941533e-01     6.132578721e-01     9.943955288e-01     -1.504572448e-02     -6.955630158e-04
356.0632763400000158     8.545329383e+02     4.787847219e+02     1.065095401e+00     3.000000000e+00     4.690925253e-02     -1.092130599e-03     -8.703413371e-02     6.100578325e-01     1.036778090e+00     -1.383433178e-02     2.102500108e-04
369.2508050801458239     8.734420165e+02     5.135383856e+02     1.053744154e+00     3.000000000e+00     3.159229778e-02     -6.293816939e-04     -2.174164832e-01     6.136522983e-01     1.066545092e+00     -5.939251481e-03     3.348810526e-04
382.4383338598541968     8.928526828e+02     5.480124008e+02     1.048395855e+00     3.000000000e+00     9.913386835e-03     -1.817329339e-04     -1.709738120e-01     6.084075990e-01     1.094847698e+00     1.298267438e-02     -1.130283951e-03
395.6258626000000049     9.125567923e+02     5.823190607e+02     1.047197551e+00     3.000000000e+00     0.000000000e+00     0.000000000e+00     0.000000000e+00     6.024201667e-01     1.131602735e+00     1.294694663e-02     2.222393321e-04
