04 0
31 0
0.0000000000000000     2.496391144e-10     7.739165105e-11     0.000000000e+00     3.000000000e+00     0.000000000e+00     0.000000000e+00     0.000000000e+00     6.024201667e-01     0.000000000e+00     1.906489020e-02     -9.058387233e-04
9.9974823890002522     2.999248651e+01     4.155364919e-02     -8.241258071e-04     3.000000000e+00     1.078520347e-02     -1.648666684e-04     2.482546021e-01     6.155510146e-01     7.675989607e-02     3.059853351e-02     3.532669649e-03
19.9949647809997515     5.998580553e+01     2.219617390e-01     -4.767902860e-03     3.000000000e+00     4.208201422e-02     -6.240873699e-04     4.842119087e-01     6.557078591e-01     1.511103244e-01     1.660481174e-02     4.500721730e-03
29.9924471700000055     8.998370754e+01     5.833886880e-01     -1.408393666e-02     3.000000000e+00     8.678473173e-02     -1.239588591e-03     5.892938700e-01     6.915361026e-01     1.808552831e-01     4.416872967e-03     2.666731455e-03
39.9899295500025218     1.199942947e+02     1.040513381e+00     -2.960144644e-02     3.000000000e+00     1.357731018e-01     -1.864694902e-03     6.099999982e-01     7.166091220e-01     1.973380979e-01     -2.746044550e-04     2.349135223e-03
49.9874119599974875     1.500278096e+02     1.429978278e+00     -5.112879149e-02     3.000000000e+00     1.845510686e-01     -2.441858329e-03     6.099820085e-01     7.416208456e-01     2.139225479e-01     2.710056078e-04     2.654469221e-03
59.9848943400000110     1.800924129e+02     1.568257301e+00     -7.814806632e-02     3.000000000e+00     2.315848646e-01     -2.963357460e-03     6.100000000e-01     7.693465861e-01     2.318242374e-01     -2.674063899e-04     2.892075281e-03
69.9823767200025202     2.101903632e+02     1.275870987e+00     -1.101194983e-01     3.000000000e+00     2.761997651e-01     -3.432539174e-03     6.099998595e-01     7.981804378e-01     2.510931437e-01     2.673782643e-04     2.876147275e-03
79.9798591299974930     2.403150156e+02     3.825591639e-01     -1.465345032e-01     3.000000000e+00     3.178959186e-01     -3.852295840e-03     6.099730270e-01     8.266506480e-01     2.717129367e-01     -2.727460992e-04     2.819328661e-03
89.9773415100000022     2.704485877e+02     -1.271428388e+00     -1.869134063e-01     3.000000000e+00     3.563497122e-01     -4.225518470e-03     6.100000000e-01     8.539554929e-01     2.936505763e-01     2.781420947e-04     2.643015509e-03
99.9748238900025257     3.005605981e+02     -3.834393416e+00     -2.307939501e-01     3.000000000e+00     3.912409844e-01     -4.552800312e-03     6.069319577e-01     8.783197778e-01     3.167968344e-01     -8.919051411e-04     2.231068582e-03
109.9723062999974843     3.306049751e+02     -7.448117881e+00     -2.775873315e-01     3.000000000e+00     4.206692080e-01     -4.808232720e-03     5.716427574e-01     8.894846620e-01     3.424205027e-01     -6.167712267e-03     2.470563693e-06
119.9697886800000219     3.605140002e+02     -1.225658934e+01     -3.262613517e-01     3.000000000e+00     4.403473141e-01     -4.929022783e-03     4.887035202e-01     8.801042225e-01     3.734110810e-01     -1.042431242e-02     -1.879030914e-03
129.9672710600025312     3.901946857e+02     -1.839867301e+01     -3.751712207e-01     3.000000000e+00     4.459836926e-01     -4.855414354e-03     3.689410118e-01     8.531099223e-01     4.113257807e-01     -1.353422108e-02     -3.521188683e-03
139.9647534699975040     4.195360749e+02     -2.597928755e+01     -4.222669408e-01     3.000000000e+00     4.355755358e-01     -4.566101621e-03     2.244197667e-01     8.148657958e-01     4.546463516e-01     -1.537730674e-02     -4.129562786e-03
149.9622358500000132     4.484276630e+02     -3.503957159e+01     -4.654993451e-01     3.000000000e+00     4.098785913e-01     -4.082556632e-03     6.802338096e-02     7.735655021e-01     4.997569532e-01     -1.590984727e-02     -4.132576035e-03
159.9597182300025224     4.767815412e+02     -4.554344065e+01     -5.031848345e-01     3.000000000e+00     3.717728360e-01     -3.456439279e-03     -8.737773134e-02     7.360931909e-01     5.424444655e-01     -1.517820193e-02     -3.363773484e-03
169.9572006399974953     5.045491505e+02     -5.738408079e+01     -5.342054537e-01     3.000000000e+00     3.249894748e-01     -2.749246903e-03     -2.297642841e-01     7.066359681e-01     5.793100201e-01     -1.330627989e-02     -2.529154686e-03
179.9546830200000045     5.317271509e+02     -7.040425282e+01     -5.580258527e-01     3.000000000e+00     2.730274522e-01     -2.016032607e-03     -3.486576676e-01     6.857561508e-01     6.086448562e-01     -1.047838486e-02     -1.647860378e-03
189.9521654000025137     5.583531914e+02     -8.442009790e+01     -5.745899873e-01     3.000000000e+00     2.186343327e-01     -1.297628561e-03     -4.355797159e-01     6.716912500e-01     6.305420421e-01     -6.910402605e-03     -1.165828160e-03
199.9496478099974865     5.844961670e+02     -9.924059191e+01     -5.841813643e-01     3.000000000e+00     1.638189542e-01     -6.211299021e-04     -4.842117609e-01     6.613171507e-01     6.467597871e-01     -2.818455729e-03     -9.095142012e-04
209.9471301899999958     6.102457836e+02     -1.146792944e+02     -5.873172913e-01     3.000000000e+00     1.102431364e-01     -6.213443966e-06     -4.903458227e-01     6.521075203e-01     6.603038208e-01     1.591334438e-03     -9.328757148e-04
219.9446125700025334     6.357043600e+02     -1.305584811e+02     -5.847211592e-01     3.000000000e+00     5.982184432e-02     5.255706268e-04     -4.519917971e-01     6.423383837e-01     6.749392477e-01     6.081402369e-03     -1.021443615e-03
229.9420949799975062     6.609813658e+02     -1.467077189e+02     -5.773881506e-01     3.000000000e+00     1.535809425e-02     9.414004151e-04     -3.700885385e-01     6.317679895e-01     6.943793601e-01     1.030337441e-02     -1.093167599e-03
239.9395773600000439     6.861885573e+02     -1.629611703e+02     -5.667001916e-01     3.000000000e+00     -1.933466743e-02     1.196729666e-03     -2.499693578e-01     6.210497883e-01     7.209889779e-01     1.372651151e-02     -1.051012478e-03
249.9370597400025531     7.114313919e+02     -1.791612129e+02     -5.544460839e-01     3.000000000e+00     -4.062831346e-02     1.254709058e-03     -1.033967565e-01     6.126169437e-01     7.540528086e-01     1.559539083e-02     -6.359811511e-04
259.9345421499975259     7.367954171e+02     -1.951732005e+02     -5.426207588e-01     3.000000000e+00     -4.682449170e-02     1.110951534e-03     4.913289124e-02     6.093721653e-01     7.885523386e-01     1.491822083e-02     -1.313795302e-05
269.9320245300000352     7.623327717e+02     -2.109067290e+02     -5.330400473e-01     3.000000000e+00     -3.923459321e-02     8.056732970e-04     1.760272772e-01     6.118403818e-01     8.163490609e-01     1.046704736e-02     5.069055748e-04
279.9295069100025444     7.880542358e+02     -2.263347941e+02     -5.268823379e-01     3.000000000e+00     -2.269125615e-02     4.261787256e-04     2.317805744e-01     6.138994166e-01     8.331279643e-01     6.864200869e-04     -9.499492497e-05
289.9269893199975172     8.139262085e+02     -2.415071684e+02     -5.241753782e-01     3.000000000e+00     -6.473699544e-03     1.153495536e-04     1.520135626e-01     6.071229318e-01     8.582580383e-01     -1.664383989e-02     -1.260643331e-03
299.9244717000000264     8.398799077e+02     -2.565388947e+02     -5.235987756e-01     3.000000000e+00     0.000000000e+00     0.000000000e+00     0.000000000e+00     6.024201667e-01     8.926333188e-01     -1.376652875e-02     3.198534553e-04
