13 0
31 0
0.0000000000000000     2.496391144e-10     7.739165105e-11     0.000000000e+00     3.000000000e+00     0.000000000e+00     0.000000000e+00     0.000000000e+00     6.024201667e-01     0.000000000e+00     -2.692898092e-02     7.284951164e-04
23.3307679343335899     6.999551605e+01     -2.741061807e-01     7.817458686e-03     3.000000000e+00     -4.695097075e-02     6.701415664e-04     -4.684351431e-01     6.534289884e-01     1.342567329e-01     -1.322701773e-02     3.644170360e-03
46.6615358756664094     1.400337519e+02     -9.393235484e-01     3.946832173e-02     3.000000000e+00     -1.520201181e-01     2.043087859e-03     -6.099998333e-01     7.240503292e-01     1.903203231e-01     1.091567187e-03     2.409753025e-03
69.9923038099999957     2.101997144e+02     -8.279968681e-01     1.018457742e-01     3.000000000e+00     -2.633029403e-01     3.304138825e-03     -6.085901935e-01     7.894126675e-01     2.325915440e-01     -9.707276335e-04     3.193349147e-03
93.3230717233359002     2.804874837e+02     2.163431537e+00     1.904404033e-01     3.000000000e+00     -3.610357364e-01     4.290521529e-03     -6.099998220e-01     8.579691733e-01     2.823850817e-01     8.498890461e-04     2.683568922e-03
116.6538397066641011     3.506057322e+02     1.005408462e+01     2.993002390e-01     3.000000000e+00     -4.411149504e-01     5.041347530e-03     -6.099988748e-01     9.171771294e-01     3.392614088e-01     -8.498078504e-04     2.391956774e-03
139.9846076199999914     4.198811799e+02     2.448139741e+01     4.233431005e-01     3.000000000e+00     -5.031364785e-01     5.592066836e-03     -6.099998135e-01     9.636258711e-01     4.023279447e-01     8.497273838e-04     1.589801722e-03
163.3153755333358959     4.872745752e+02     4.661414134e+01     5.583772994e-01     3.000000000e+00     -5.492683711e-01     5.983565761e-03     -6.099993812e-01     9.981125254e-01     4.703697838e-01     -8.496903216e-04     1.366522248e-03
186.6461435166640968     5.514750654e+02     7.710388834e+01     7.011441390e-01     3.000000000e+00     -5.826054490e-01     6.254937484e-03     -6.099997997e-01     1.022743045e+00     5.422910435e-01     8.496544463e-04     7.448973161e-04
209.9769114300000012     6.110263926e+02     1.160893728e+02     8.492303246e-01     3.000000000e+00     -6.062145131e-01     6.439559845e-03     -6.099995540e-01     1.040011616e+00     6.170460630e-01     -8.496333868e-04     7.354286727e-04
233.3076793433358773     6.644503261e+02     1.632385942e+02     1.000916644e+00     3.000000000e+00     -6.227009758e-01     6.563554329e-03     -6.099997796e-01     1.051869610e+00     6.938602524e-01     8.496140477e-04     2.810825695e-04
256.6384473266641066     7.103498997e+02     2.178117555e+02     1.155012832e+00     3.000000000e+00     -6.341014965e-01     6.646142641e-03     -6.099996427e-01     1.060004745e+00     7.721009036e-01     -8.496023130e-04     4.162913663e-04
279.9692152399999827     7.474881315e+02     2.787319577e+02     1.310711040e+00     3.000000000e+00     -6.419309915e-01     6.700885524e-03     -6.099997514e-01     1.065482255e+00     8.513413507e-01     8.495929934e-04     5.326111354e-05
303.2999831533359156     7.748444762e+02     3.446560853e+02     1.467470130e+00     3.000000000e+00     -6.472817622e-01     6.737085346e-03     -6.099996969e-01     1.069224358e+00     9.312569258e-01     -8.495883196e-04     2.675258156e-04
326.6307511366641165     7.916531924e+02     4.140425243e+02     1.624930561e+00     3.000000000e+00     -6.509255971e-01     6.761007062e-03     -6.099997101e-01     1.071706225e+00     1.011638030e+00     8.495871896e-04     -5.477093352e-05
349.9615190499999926     7.974275056e+02     4.852147541e+02     1.782854540e+00     3.000000000e+00     -6.534005640e-01     6.776822476e-03     -6.099997319e-01     1.073417424e+00     1.092329935e+00     -8.495890555e-04     2.014612472e-04
373.2922869633358687     7.919724439e+02     5.564208832e+02     1.941085125e+00     3.000000000e+00     -6.550783170e-01     6.787290391e-03     -6.099996409e-01     1.074527820e+00     1.173234738e+00     8.495968507e-04     -1.062739905e-04
396.6230549466640696     7.753882626e+02     6.258894404e+02     2.099518772e+00     3.000000000e+00     -6.562139670e-01     6.794229681e-03     -6.099997523e-01     1.075314867e+00     1.254281015e+00     -8.496063952e-04     1.737426290e-04
419.9538228600000025     7.480656820e+02     6.918816048e+02     2.258087116e+00     3.000000000e+00     -6.569817683e-01     6.798837229e-03     -6.099994874e-01     1.075803380e+00     1.335423999e+00     8.496291027e-04     -1.318654823e-04
443.2845907733358786     7.106737538e+02     7.527398140e+02     2.416744962e+00     3.000000000e+00     -6.575004219e-01     6.801902048e-03     -6.099997566e-01     1.076172311e+00     1.416631149e+00     -8.496521815e-04     1.634915511e-04
466.6153587566640795     6.641409836e+02     8.069324541e+02     2.575462361e+00     3.000000000e+00     -6.578504152e-01     6.803942292e-03     -6.099987395e-01     1.076379434e+00     1.497882157e+00     8.497393723e-04     -1.457362020e-04
489.9461266699999555     6.096302965e+02     8.530941663e+02     2.734219441e+00     3.000000000e+00     -6.580865311e-01     6.805303715e-03     -6.099997330e-01     1.076559622e+00     1.579162291e+00     -8.498245404e-04     1.611826268e-04
513.2768945833358885     5.485082281e+02     8.900132595e+02     2.891483673e+00     3.000000000e+00     -6.496996558e-01     6.675969788e-03     -5.533419786e-01     1.050209318e+00     1.662890309e+00     5.706737491e-03     -2.420028486e-03
536.6076625666640894     4.823932791e+02     9.165225417e+02     3.036681819e+00     3.000000000e+00     -5.895467460e-01     5.770954094e-03     -2.286200981e-01     9.180989637e-01     1.801847861e+00     2.212962703e-02     -8.904961283e-03
559.9384304799999654     4.132796556e+02     9.320734178e+02     3.148162447e+00     3.000000000e+00     -4.523369602e-01     3.785579030e-03     2.646601482e-01     7.837691753e-01     1.967410468e+00     2.015618606e-02     -2.610286634e-03
583.2691983933359552     3.431075212e+02     9.380261898e+02     3.210539846e+00     3.000000000e+00     -2.850306956e-01     1.561643067e-03     5.632100372e-01     7.182132220e-01     2.059652873e+00     5.436618240e-03     -3.009412934e-03
606.5999663766641561     2.729659697e+02     9.374887460e+02     3.226280895e+00     3.000000000e+00     -1.304813472e-01     -2.122620152e-04     6.099996250e-01     6.781230357e-01     2.098560744e+00     -1.425641152e-03     -4.272665978e-04
629.9307342900000322     2.030444089e+02     9.337693408e+02     3.207328300e+00     3.000000000e+00     -1.975414165e-03     -1.412424679e-03     4.446795288e-01     6.482345874e-01     2.149101755e+00     -1.274621094e-02     -2.134882096e-03
653.2615022033359082     1.331639676e+02     9.297439456e+02     3.173141760e+00     3.000000000e+00     5.537395642e-02     -1.518172433e-03     -3.019106586e-02     6.136743837e-01     2.287755719e+00     -2.796145851e-02     -8.277468027e-04
676.5922701866641091     6.321259975e+01     9.274188570e+02     3.148512175e+00     3.000000000e+00     2.857949015e-02     -5.931670105e-04     -2.945154749e-01     6.212099467e-01     2.409258514e+00     5.302589356e-03     1.473723225e-03
699.9230380999999852     -6.776559379e+00     9.268433196e+02     3.141592654e+00     3.000000000e+00     0.000000000e+00     0.000000000e+00     0.000000000e+00     6.024201667e-01     2.486509558e+00     1.994436999e-02     -3.084452892e-03
