12 0
31 0
0.0000000000000000     2.496391144e-10     7.739165105e-11     0.000000000e+00     3.000000000e+00     0.000000000e+00     0.000000000e+00     0.000000000e+00     6.024201667e-01     0.000000000e+00     5.703366221e-02     7.044518950e-03
19.3707370647295924     5.811467545e+01     2.673044934e-01     -6.745637906e-03     3.000000000e+00     4.783664286e-02     -6.964771535e-04     6.100000000e-01     6.855689013e-01     3.477133759e-01     5.947937089e-03     1.540465128e-03
38.7414741352704084     1.162592495e+02     9.785912561e-01     -3.258059999e-02     3.000000000e+00     1.436412531e-01     -1.970944535e-03     6.100000000e-01     7.205308611e-01     3.839523224e-01     -5.947937090e-03     2.069305597e-03
58.1122112000000044     1.744896116e+02     1.341613493e+00     -8.066866587e-02     3.000000000e+00     2.341460380e-01     -2.994077262e-03     5.884117561e-01     7.653983476e-01     4.218764074e-01     3.718982777e-03     2.563196132e-03
77.4829482472959228     2.328250734e+02     3.834003789e-02     -1.467402070e-01     3.000000000e+00     3.158346973e-01     -3.827711802e-03     6.100000000e-01     8.250873039e-01     4.621248492e-01     -1.490028465e-03     3.599600474e-03
96.8536853527040762     2.911699091e+02     -4.082944765e+00     -2.275725357e-01     3.000000000e+00     3.875167983e-01     -4.518106786e-03     6.100000000e-01     8.765011355e-01     5.061956474e-01     1.490028465e-03     1.708801726e-03
116.2244224000000088     3.492635861e+02     -1.202551026e+01     -3.202920252e-01     3.000000000e+00     4.464947514e-01     -5.055043591e-03     6.100000000e-01     9.199516421e-01     5.545686292e-01     -1.490028465e-03     2.777398925e-03
135.5951594472959414     4.066667064e+02     -2.461512719e+01     -4.221641917e-01     3.000000000e+00     4.934103681e-01     -5.463107186e-03     6.100000000e-01     9.547983309e-01     6.068902246e-01     1.490028465e-03     8.204702356e-04
154.9658965527040664     4.627840911e+02     -4.244856051e+01     -5.309322930e-01     3.000000000e+00     5.297852692e-01     -5.767038673e-03     6.100000000e-01     9.816783547e-01     6.622454627e-01     -1.490028465e-03     1.954852533e-03
174.3366335999999990     5.169055989e+02     -6.588473825e+01     -6.448008878e-01     3.000000000e+00     5.574528269e-01     -5.989725599e-03     6.100000000e-01     1.002006136e+00     7.202216087e-01     1.490028464e-03     1.439608552e-04
193.7073706472959316     5.682536799e+02     -9.505115306e+01     -7.623866701e-01     3.000000000e+00     5.782021022e-01     -6.150832804e-03     6.100000000e-01     1.017050778e+00     7.800742813e-01     -1.490028464e-03     1.409376194e-03
213.0781077527040566     6.160290270e+02     -1.298610905e+02     -8.826512399e-01     3.000000000e+00     5.936022498e-01     -6.266306451e-03     6.100000000e-01     1.028137860e+00     8.414731905e-01     1.490028464e-03     -2.646512815e-04
232.4488448000000176     6.594498946e+02     -1.700369583e+02     -1.004830589e+00     3.000000000e+00     6.049452980e-01     -6.348530934e-03     6.100000000e-01     1.036169088e+00     9.039361755e-01     -1.490028464e-03     1.093863706e-03
251.8195818472959502     6.977837586e+02     -2.151360730e+02     -1.128370915e+00     3.000000000e+00     6.132530257e-01     -6.406825274e-03     6.100000000e-01     1.042030060e+00     9.672511407e-01     1.490028464e-03     -4.887270308e-04
271.1903189527041036     7.303717214e+02     -2.645766206e+02     -1.252875066e+00     3.000000000e+00     6.193121082e-01     -6.448044524e-03     6.100000000e-01     1.046217212e+00     1.031140352e+00     -1.490028464e-03     9.210442532e-04
290.5610560000000078     7.566467493e+02     -3.176626200e+02     -1.378060342e+00     3.000000000e+00     6.237171873e-01     -6.477150404e-03     6.100000000e-01     1.049274330e+00     1.095482127e+00     1.490028464e-03     -6.054013171e-04
309.9317930472959119     7.761469249e+02     -3.736074519e+02     -1.503726494e+00     3.000000000e+00     6.269120300e-01     -6.497694213e-03     6.100000000e-01     1.051429072e+00     1.160125779e+00     -1.490028464e-03     8.278752456e-04
329.3025301527040938     7.885247151e+02     -4.315559161e+02     -1.629732099e+00     3.000000000e+00     6.292247979e-01     -6.512198422e-03     6.100000000e-01     1.053018534e+00     1.225005319e+00     1.490028463e-03     -6.637656340e-04
348.6732671999999980     7.935530077e+02     -4.906049549e+02     -1.755977434e+00     3.000000000e+00     6.308965718e-01     -6.522446021e-03     6.100000000e-01     1.054116623e+00     1.290041394e+00     -1.490028463e-03     7.771417601e-04
368.0440042472959021     7.911284425e+02     -5.498232154e+02     -1.882392216e+00     3.000000000e+00     6.321035989e-01     -6.529693610e-03     6.100000000e-01     1.054946505e+00     1.355199190e+00     1.490028463e-03     -6.914576844e-04
387.4147413527040840     7.812723814e+02     -6.082695945e+02     -2.008926899e+00     3.000000000e+00     6.329742627e-01     -6.534825578e-03     6.100000000e-01     1.055499346e+00     1.420437516e+00     -1.490028464e-03     7.485376638e-04
406.7854783999999881     7.641297498e+02     -6.650108457e+02     -2.135546528e+00     3.000000000e+00     6.336018215e-01     -6.538464109e-03     6.100000000e-01     1.055938005e+00     1.485738248e+00     1.490028464e-03     -7.032467828e-04
426.1562154472958923     7.398372059e+02     -7.189906798e+02     -2.256837864e+00     3.000000000e+00     5.979444906e-01     -5.984687242e-03     3.093551081e-01     9.428972453e-01     1.658380699e+00     -3.253116965e-02     -1.096804472e-02
445.5269525527041310     7.086808154e+02     -7.690031512e+02     -2.356322360e+00     3.000000000e+00     4.844480482e-01     -4.286940069e-03     -2.519924784e-01     8.111724152e-01     1.880772301e+00     -2.542713979e-02     -2.632349489e-03
464.8976896000000352     6.717899116e+02     -8.145012155e+02     -2.418900637e+00     3.000000000e+00     3.329744305e-01     -2.174174686e-03     -5.548758332e-01     7.452350518e-01     1.984316872e+00     -5.845119353e-03     -4.175585920e-03
484.2684266472959393     6.310622456e+02     -8.562369863e+02     -2.444630475e+00     3.000000000e+00     1.949989234e-01     -4.823930291e-04     -6.100000000e-01     6.915211253e-01     2.019530476e+00     1.536305187e-04     -1.370297673e-03
503.6391637527041212     5.882212219e+02     -8.955885288e+02     -2.441257529e+00     3.000000000e+00     7.110485216e-02     8.306447215e-04     -6.099999996e-01     6.760022172e-01     2.046894824e+00     -1.536304800e-04     -2.320066718e-04
523.0099008000000822     5.444937045e+02     -9.338769507e+02     -2.416359104e+00     3.000000000e+00     -3.273656897e-02     1.740080853e-03     -4.238304237e-01     6.526524784e-01     2.109376074e+00     1.937536433e-02     -2.178819390e-03
542.3806378472959295     5.009769316e+02     -9.724004158e+02     -2.383690257e+00     3.000000000e+00     -6.903694455e-02     1.632929366e-03     1.289367261e-01     6.190801391e-01     2.307503853e+00     3.769702768e-02     -1.287475064e-03
561.7513749527040545     4.585407660e+02     -1.012102651e+03     -2.362034612e+00     3.000000000e+00     -3.059058528e-02     6.029839860e-04     3.902145237e-01     6.345263345e-01     2.480070467e+00     -1.072048089e-02     2.882271921e-03
581.1221120000000155     4.171213134e+02     -1.052863127e+03     -2.356194490e+00     3.000000000e+00     0.000000000e+00     0.000000000e+00     0.000000000e+00     6.024201667e-01     2.602648789e+00     -2.956859249e-02     -6.197186337e-03
