10 0
31 0
0.0000000000000000     2.496391144e-10     7.739165105e-11     0.000000000e+00     3.000000000e+00     0.000000000e+00     0.000000000e+00     0.000000000e+00     6.024201667e-01     0.000000000e+00     3.555923893e-02     3.026789695e-04
15.3480672151318611     4.604482284e+01     1.478851742e-01     -3.334823966e-03     3.000000000e+00     2.927546840e-02     -4.345594510e-04     4.514109239e-01     6.470706344e-01     1.589033636e-01     2.326392001e-02     5.515703577e-03
30.6961344348681422     9.209903797e+01     6.435999956e-01     -1.720426946e-02     3.000000000e+00     9.695013987e-02     -1.372761944e-03     6.100000000e-01     7.003205009e-01     2.243746508e-01     -2.598243300e-03     1.423263901e-03
46.0442016500000051     1.381888197e+02     1.265813454e+00     -4.538161225e-02     3.000000000e+00     1.720300629e-01     -2.299015360e-03     6.018151569e-01     7.327122584e-01     2.494798069e-01     1.531680472e-03     2.797692122e-03
61.3922688513185975     1.843445979e+02     1.407744616e+00     -8.675445970e-02     3.000000000e+00     2.435932916e-01     -3.092262473e-03     6.100000000e-01     7.769031055e-01     2.772052790e-01     -4.651176440e-04     2.960797932e-03
76.7403360986813965     2.305710596e+02     4.291604324e-01     -1.394331243e-01     3.000000000e+00     3.096918324e-01     -3.772271516e-03     6.099999999e-01     8.210203913e-01     3.079220109e-01     4.651176276e-04     2.788106492e-03
92.0884033000000102     2.768217426e+02     -2.259457589e+00     -2.016958863e-01     3.000000000e+00     3.683672086e-01     -4.341162062e-03     6.100000000e-01     8.626408777e-01     3.417352521e-01     -4.651176112e-04     2.635441091e-03
107.4364705013186096     3.229832881e+02     -7.187878011e+00     -2.719216684e-01     3.000000000e+00     4.190184399e-01     -4.809929241e-03     6.099999999e-01     8.997065703e-01     3.784386759e-01     4.651176041e-04     2.194573267e-03
122.7845377486814016     3.688705748e+02     -1.480891121e+01     -3.486647008e-01     3.000000000e+00     4.617460254e-01     -5.190422125e-03     6.100000000e-01     9.312973722e-01     4.177281129e-01     -4.651175970e-04     1.922010451e-03
138.1326049500000011     4.142305815e+02     -2.548858055e+01     -4.306650345e-01     3.000000000e+00     4.971224233e-01     -5.495005892e-03     6.100000000e-01     9.575636627e-01     4.592946614e-01     4.651175931e-04     1.500738499e-03
153.4806721513186005     4.587526346e+02     -3.950026343e+01     -5.168512477e-01     3.000000000e+00     5.259790007e-01     -5.735882278e-03     6.100000000e-01     9.788749883e-01     5.027950150e-01     -4.651175893e-04     1.276331108e-03
168.8287393986813925     5.020822829e+02     -5.702313766e+01     -6.063329725e-01     3.000000000e+00     5.492418013e-01     -5.924442585e-03     6.100000000e-01     9.959999602e-01     5.479212315e-01     4.651175872e-04     9.552165495e-04
184.1768066000000204     5.438364209e+02     -7.814436747e+01     -6.983850908e-01     3.000000000e+00     5.678226132e-01     -6.070829149e-03     6.100000000e-01     1.009528000e+00     5.943756992e-01     -4.651175852e-04     8.076163936e-04
199.5248738013186198     5.836179731e+02     -1.028640731e+02     -7.924269947e-01     3.000000000e+00     5.825567416e-01     -6.183730679e-03     6.100000000e-01     1.020211143e+00     6.419101841e-01     4.651175844e-04     5.844993536e-04
214.8729410486814118     6.210291515e+02     -1.311021004e+02     -8.880001641e-01     3.000000000e+00     5.941745549e-01     -6.270367684e-03     6.100000000e-01     1.028515819e+00     6.903045325e-01     -4.651175839e-04     4.976794463e-04
230.2210082500000112     6.556828530e+02     -1.627057668e+02     -9.847464542e-01     3.000000000e+00     6.032945521e-01     -6.336599539e-03     6.100000000e-01     1.035022491e+00     7.393828856e-01     4.651175844e-04     3.502021735e-04
245.5690754513186107     6.872121306e+02     -1.974579843e+02     -1.082388512e+00     3.000000000e+00     6.104287604e-01     -6.387094817e-03     6.100000000e-01     1.040023887e+00     7.889972472e-01     -4.651175851e-04     3.015275754e-04
260.9171426986814026     7.152765797e+02     -2.350857368e+02     -1.180680579e+00     3.000000000e+00     6.157226215e-01     -6.421301922e-03     6.072061808e-01     1.042767460e+00     8.389571006e-01     1.010565028e-04     5.598634466e-05
276.2652099000000021     7.395712348e+02     -2.752665868e+02     -1.279435944e+00     3.000000000e+00     6.198362183e-01     -6.447467012e-03     6.100000000e-01     1.046433465e+00     8.892202103e-01     2.630045791e-04     4.217290671e-04
291.6132771013186016     7.598046451e+02     -3.176386276e+02     -1.377873560e+00     3.000000000e+00     6.173968321e-01     -6.379896021e-03     5.500345055e-01     1.024364833e+00     9.444471519e-01     -8.077087081e-03     -3.297484877e-03
306.9613443486813935     7.756141366e+02     -3.617909583e+02     -1.471871127e+00     3.000000000e+00     5.855713907e-01     -5.868886110e-03     3.015327005e-01     9.322596955e-01     1.045602157e+00     -2.430507826e-02     -8.704696623e-03
322.3094115499999930     7.866575704e+02     -4.072045819e+02     -1.552651004e+00     3.000000000e+00     5.057150423e-01     -4.657504321e-03     -9.055101510e-02     8.234946644e-01     1.189731092e+00     -2.678717569e-02     -5.468426416e-03
337.6574787513185925     7.930305519e+02     -4.532789379e+02     -1.611754223e+00     3.000000000e+00     3.935650459e-01     -3.044210078e-03     -4.356691316e-01     7.642106756e-01     1.301917028e+00     -1.818501090e-02     -2.256844478e-03
353.0055459986814412     7.954893331e+02     -4.995233204e+02     -1.646773355e+00     3.000000000e+00     2.785224107e-01     -1.519117671e-03     -5.964942370e-01     7.242688220e-01     1.354463944e+00     -2.772038052e-03     -2.947960917e-03
368.3536132000000407     7.951356325e+02     -5.456900026e+02     -1.660539160e+00     3.000000000e+00     1.734676937e-01     -2.746982309e-04     -6.099999999e-01     6.861419428e-01     1.379027458e+00     1.012104109e-03     -2.020334839e-03
383.7016804013186402     7.930026532e+02     -5.917260064e+02     -1.656890231e+00     3.000000000e+00     7.639572429e-02     7.501886810e-04     -6.100000000e-01     6.759016980e-01     1.400889914e+00     -1.012104121e-03     6.859331808e-04
399.0497476486814321     7.899469627e+02     -6.376755885e+02     -1.639075778e+00     3.000000000e+00     -1.168369633e-02     1.571204993e-03     -5.102955111e-01     6.645135022e-01     1.437100162e+00     1.400455900e-02     -2.169925221e-03
414.3978148500000316     7.868070397e+02     -6.836182468e+02     -1.612632620e+00     3.000000000e+00     -6.741301620e-02     1.874591432e-03     -1.594086831e-01     6.265622768e-01     1.549517134e+00     3.171935218e-02     -2.775481991e-03
429.7458820513186311     7.844398214e+02     -7.296088700e+02     -1.587868641e+00     3.000000000e+00     -6.443981163e-02     1.352391811e-03     2.987953261e-01     6.292890460e-01     1.706341846e+00     2.798900543e-02     3.130806366e-03
445.0939492986814230     7.832973246e+02     -7.756405500e+02     -1.574143333e+00     3.000000000e+00     -2.319250131e-02     4.361469273e-04     3.668593197e-01     6.302198667e-01     1.814219781e+00     -1.911961989e-02     -3.009511943e-03
460.4420165000000225     7.830422906e+02     -8.216840270e+02     -1.570796327e+00     3.000000000e+00     0.000000000e+00     0.000000000e+00     0.000000000e+00     6.024201667e-01     1.923642496e+00     -2.868565365e-02     -6.130541396e-04
