02 0
31 0
0.0000000000000000     2.496391144e-10     7.739165105e-11     0.000000000e+00     3.000000000e+00     0.000000000e+00     0.000000000e+00     0.000000000e+00     6.024201667e-01     0.000000000e+00     2.255786989e-02     -8.130035237e-04
6.6666142026666710     1.999984810e+01     1.649448365e-02     -3.049459507e-04     3.000000000e+00     5.863222123e-03     -9.148450513e-05     2.021613983e-01     6.109899824e-01     7.309148081e-02     3.809102685e-02     3.383968475e-03
13.3332284073333280     3.999982170e+01     9.336476603e-02     -1.807785006e-03     3.000000000e+00     2.353627270e-02     -3.593707594e-04     4.123166308e-01     6.392557777e-01     1.512820661e-01     2.495603905e-02     5.095836831e-03
19.9998426100000017     6.000056122e+01     2.665092850e-01     -5.499641684e-03     3.000000000e+00     5.033048530e-02     -7.481949598e-04     5.405630785e-01     6.696161235e-01     1.881058459e-01     1.351819803e-02     4.012338609e-03
26.6664568066667158     8.000371443e+01     5.324580121e-01     -1.192997956e-02     3.000000000e+00     8.174927082e-02     -1.180921583e-03     5.976844507e-01     6.920044561e-01     2.046864665e-01     3.618348482e-03     2.704214010e-03
33.3330710233332752     1.000119637e+02     8.557276207e-01     -2.123522427e-02     3.000000000e+00     1.147540395e-01     -1.610673801e-03     6.100000000e-01     7.075151547e-01     2.152878541e-01     7.634540266e-05     1.949032204e-03
39.9996852200000035     1.200285365e+02     1.184952981e+00     -3.332936972e-02     3.000000000e+00     1.477927816e-01     -2.017598384e-03     6.100000000e-01     7.224786112e-01     2.258553742e-01     -7.634540264e-05     2.540040055e-03
46.6662994166667175     1.400565062e+02     1.463071233e+00     -4.802997761e-02     3.000000000e+00     1.799370748e-01     -2.392618690e-03     5.952205841e-01     7.353458450e-01     2.373886515e-01     -4.357514268e-03     1.320160462e-03
53.3329136333332769     1.600978804e+02     1.629114208e+00     -6.505951652e-02     3.000000000e+00     2.096025848e-01     -2.716283188e-03     5.473458565e-01     7.400154552e-01     2.523000192e-01     -1.000501705e-02     8.073362661e-05
59.9995278299999910     1.801523027e+02     1.616196800e+00     -8.397321900e-02     3.000000000e+00     2.344563330e-01     -2.957872210e-03     4.653178496e-01     7.355556610e-01     2.736993026e-01     -1.460357868e-02     -1.418682411e-03
66.6661420266667051     2.002156633e+02     1.352868830e+00     -1.041254123e-01     3.000000000e+00     2.521723741e-01     -3.087833347e-03     3.565283718e-01     7.238042224e-01     3.025125419e-01     -1.803352149e-02     -2.106776911e-03
73.3327562433332787     2.202792879e+02     7.690803667e-01     -1.247091897e-01     3.000000000e+00     2.610535194e-01     -3.087348470e-03     2.290952738e-01     7.079054774e-01     3.375839732e-01     -2.019670875e-02     -2.662884138e-03
79.9993704400000070     2.403302749e+02     -1.958435109e-01     -1.448450673e-01     3.000000000e+00     2.603971415e-01     -2.953462366e-03     9.157900228e-02     6.912689836e-01     3.761694450e-01     -2.105849736e-02     -2.328103281e-03
86.6659846366667210     2.603531143e+02     -1.585881593e+00     -1.636868651e-01     3.000000000e+00     2.505520715e-01     -2.699121449e-03     -4.746980354e-02     6.771989531e-01     4.148387681e-01     -2.065647265e-02     -1.892939057e-03
93.3325988533332804     2.803321553e+02     -3.423739585e+00     -1.805121762e-01     3.000000000e+00     2.326870253e-01     -2.348511603e-03     -1.799448571e-01     6.675409509e-01     4.503996170e-01     -1.908635615e-02     -1.004484404e-03
99.9992130499999945     3.002541476e+02     -5.709873539e+00     -1.947755403e-01     3.000000000e+00     2.084285950e-01     -1.930531304e-03     -2.985059065e-01     6.627834564e-01     4.804863388e-01     -1.648223857e-02     -4.227751869e-04
106.6658272466667086     3.201101566e+02     -8.424643053e+00     -2.061220343e-01     3.000000000e+00     1.795108706e-01     -1.473443677e-03     -3.967894611e-01     6.616277117e-01     5.039540946e-01     -1.300305983e-02     7.604903029e-05
113.3324414633332680     3.398965017e+02     -1.153240784e+01     -2.143723380e-01     3.000000000e+00     1.475283991e-01     -1.001666912e-03     -4.695320427e-01     6.620834481e-01     5.209443323e-01     -8.819886374e-03     6.067297203e-05
119.9990556599999820     3.596147705e+02     -1.498617917e+01     -2.194938489e-01     3.000000000e+00     1.138499249e-01     -5.347984422e-04     -5.126102592e-01     6.616883865e-01     5.328616446e-01     -4.103680275e-03     -1.791923792e-04
126.6656698566667103     3.792712271e+02     -1.873163206e+01     -2.215729632e-01     3.000000000e+00     7.968508292e-02     -8.894076204e-05     -5.230532841e-01     6.587833368e-01     5.421896403e-01     9.707481522e-04     -6.923293876e-04
133.3322840733332555     3.988759758e+02     -2.270975524e+01     -2.208019943e-01     3.000000000e+00     4.626982876e-02     3.202332425e-04     -4.991547026e-01     6.523895668e-01     5.521639863e-01     6.198882725e-03     -1.225816702e-03
139.9988982699999838     4.184421149e+02     -2.685795384e+01     -2.174891130e-01     3.000000000e+00     1.511250640e-02     6.736389908e-04     -4.407991315e-01     6.429037233e-01     5.662339903e-01     1.130792638e-02     -1.619958749e-03
146.6655124666667120     4.379848865e+02     -3.111009273e+01     -2.120890368e-01     3.000000000e+00     -1.182979644e-02     9.463966160e-04     -3.500386578e-01     6.314189339e-01     5.872635097e-01     1.592042998e-02     -1.825505176e-03
153.3321266833332857     4.575205048e+02     -3.539725468e+01     -2.052270213e-01     3.000000000e+00     -3.239782992e-02     1.112224231e-03     -2.318852564e-01     6.202020249e-01     6.164441004e-01     1.952586939e-02     -1.539594018e-03
159.9987408800000139     4.770644009e+02     -3.965126886e+01     -1.976777988e-01     3.000000000e+00     -4.482232083e-02     1.152560341e-03     -9.523424915e-02     6.119063111e-01     6.522173239e-01     2.146975538e-02     -9.491396843e-04
166.6653550766667138     4.966292226e+02     -4.381107384e+01     -1.902885702e-01     3.000000000e+00     -4.826769383e-02     1.064225676e-03     4.619903132e-02     6.091896362e-01     6.897129236e-01     2.096056265e-02     1.341307983e-04
173.3319692933332874     5.162232558e+02     -4.783030597e+01     -1.838610934e-01     3.000000000e+00     -4.320324745e-02     8.640325456e-04     1.729791984e-01     6.122308906e-01     7.215548280e-01     1.707378676e-02     7.782526972e-04
179.9985834899999873     5.358496922e+02     -5.168422230e+01     -1.790160440e-01     3.000000000e+00     -3.154798532e-02     5.894937197e-04     2.589531514e-01     6.174300963e-01     7.414066267e-01     8.718602119e-03     7.815212750e-04
186.6651976866667155     5.555066286e+02     -5.537484889e+01     -1.760546609e-01     3.000000000e+00     -1.678830256e-02     2.989282027e-04     2.696656043e-01     6.173093261e-01     7.526160054e-01     -5.504840961e-03     -8.177526015e-04
193.3318119033332607     5.751870718e+02     -5.893543076e+01     -1.747955833e-01     3.000000000e+00     -4.563412134e-03     7.879804412e-05     1.596093764e-01     6.075921184e-01     7.865280339e-01     -2.751228723e-02     -2.097432666e-03
199.9984260999999890     5.948799700e+02     -6.242593304e+01     -1.745329252e-01     3.000000000e+00     0.000000000e+00     0.000000000e+00     0.000000000e+00     6.024201667e-01     8.330683425e-01     -2.037090249e-02     5.458349399e-04
