08 0
31 0
0.0000000000000000     2.496391144e-10     7.739165105e-11     0.000000000e+00     3.000000000e+00     0.000000000e+00     0.000000000e+00     0.000000000e+00     6.024201667e-01     0.000000000e+00     2.309022644e-02     -1.722782985e-03
13.3333332420000001     4.000024273e+01     9.664003876e-02     -2.071571535e-03     3.000000000e+00     2.071125968e-02     -3.106858740e-04     3.617952959e-01     6.308008446e-01     1.181510517e-01     3.117906828e-02     5.979884714e-03
26.6666664880000006     8.000476413e+01     4.612453490e-01     -1.124639393e-02     3.000000000e+00     7.393743848e-02     -1.065512565e-03     5.913069639e-01     6.878160931e-01     2.039082657e-01     3.247682163e-03     2.572402626e-03
39.9999997300000061     1.200282428e+02     1.035981938e+00     -3.107904927e-02     3.000000000e+00     1.393056089e-01     -1.909360829e-03     6.099999681e-01     7.183252687e-01     2.251150758e-01     -4.437315141e-04     2.003973742e-03
53.3333329599999999     1.600931491e+02     1.468733781e+00     -6.154894575e-02     3.000000000e+00     2.038127847e-01     -2.661098745e-03     6.099997577e-01     7.526301135e-01     2.477159606e-01     4.436999517e-04     3.141753009e-03
66.6666662300000041     2.002147809e+02     1.326090171e+00     -1.013976381e-01     3.000000000e+00     2.647385891e-01     -3.316180217e-03     6.099999181e-01     7.906510074e-01     2.726692494e-01     -4.436758846e-04     2.561381123e-03
79.9999994600000122     2.403861781e+02     1.951574275e-01     -1.493859597e-01     3.000000000e+00     3.207180346e-01     -3.882043147e-03     6.099997644e-01     8.286921626e-01     3.000293813e-01     4.436528338e-04     3.144792194e-03
93.3333326900000060     2.805673050e+02     -2.304731590e+00     -2.043702315e-01     3.000000000e+00     3.709345734e-01     -4.365572750e-03     6.099999068e-01     8.645352126e-01     3.297299968e-01     -4.436314658e-04     2.231665349e-03
106.6666659600000031     3.206787644e+02     -6.516017661e+00     -2.653008235e-01     3.000000000e+00     4.150639508e-01     -4.773991187e-03     6.099998357e-01     8.967622959e-01     3.615718322e-01     4.436207950e-04     2.602397178e-03
119.9999991899999969     3.605999410e+02     -1.273686437e+01     -3.312279348e-01     3.000000000e+00     4.531756663e-01     -5.115050643e-03     6.099999623e-01     9.249651660e-01     3.954211318e-01     -4.436018185e-04     1.628033365e-03
133.3333324200000050     4.001709548e+02     -2.121620880e+01     -4.013074018e-01     3.000000000e+00     4.856173842e-01     -5.396844558e-03     6.099999263e-01     9.490002914e-01     4.310079413e-01     4.435964207e-04     1.977235457e-03
146.6666656900000021     4.391974631e+02     -3.215054925e+01     -4.748029503e-01     3.000000000e+00     5.129057264e-01     -5.627462860e-03     6.100000000e-01     9.692411855e-01     4.681701598e-01     -4.435853744e-04     1.058898684e-03
159.9999989200000243     4.774572508e+02     -4.568263297e+01     -5.510838413e-01     3.000000000e+00     5.356373554e-01     -5.814645939e-03     6.099999581e-01     9.859818494e-01     5.066435122e-01     4.435790931e-04     1.452200926e-03
173.3333321500000181     5.147076516e+02     -6.190187866e+01     -6.296184266e-01     3.000000000e+00     5.544244544e-01     -5.965517014e-03     6.099999814e-01     9.997857775e-01     5.462704689e-01     -4.435755995e-04     6.183882943e-04
186.6666654200000153     5.506861259e+02     -8.085298867e+01     -7.097459459e-01     3.000000000e+00     5.677462323e-01     -6.053586033e-03     5.842775719e-01     1.000941540e+00     5.871287781e-01     -3.414785853e-03     -4.450239456e-04
199.9999986500000091     5.850969182e+02     -1.025496199e+02     -7.899879819e-01     3.000000000e+00     5.694532791e-01     -5.982694512e-03     5.003578630e-01     9.750961246e-01     6.333682421e-01     -9.173170555e-03     -3.431788355e-03
213.3333318800000029     6.176107952e+02     -1.269596739e+02     -8.674443306e-01     3.000000000e+00     5.515802747e-01     -5.635732958e-03     3.538111399e-01     9.203279983e-01     6.881826813e-01     -1.280883806e-02     -4.783430649e-03
226.6666651500000000     6.479237013e+02     -1.539503389e+02     -9.382214119e-01     3.000000000e+00     5.111591856e-01     -4.980804370e-03     1.731063595e-01     8.518103729e-01     7.477366832e-01     -1.429687917e-02     -5.494213231e-03
239.9999983799999939     6.758593270e+02     -1.832490074e+02     -9.987475604e-01     3.000000000e+00     4.523731482e-01     -4.098093045e-03     -1.413117421e-02     7.856349664e-01     8.042167657e-01     -1.378875106e-02     -4.432097824e-03
253.3333316099999877     7.014363574e+02     -2.144731921e+02     -1.046798634e+00     3.000000000e+00     3.824077322e-01     -3.109543094e-03     -1.868140115e-01     7.321081043e-01     8.519110021e-01     -1.211367470e-02     -3.596931542e-03
266.6666648799999848     7.248579177e+02     -2.472054170e+02     -1.081640889e+00     3.000000000e+00     3.075205964e-01     -2.116770292e-03     -3.288590458e-01     6.942992429e-01     8.888380020e-01     -9.193080580e-03     -2.074397697e-03
279.9999981099999786     7.464528456e+02     -2.810573972e+02     -1.103653488e+00     3.000000000e+00     2.319837383e-01     -1.185094651e-03     -4.234022382e-01     6.695077231e-01     9.152040956e-01     -4.988398379e-03     -1.644330307e-03
293.3333313399999724     7.666132412e+02     -3.156998680e+02     -1.113911093e+00     3.000000000e+00     1.587359326e-01     -3.535211031e-04     -4.595568973e-01     6.523329644e-01     9.345893664e-01     -4.348005207e-04     -9.318835105e-04
306.6666646100000548     7.857499777e+02     -3.508644171e+02     -1.113945951e+00     3.000000000e+00     9.050125070e-02     3.483172141e-04     -4.349694235e-01     6.390920041e-01     9.525467311e-01     4.122921617e-03     -1.054260551e-03
319.9999978400000487     8.042687975e+02     -3.863300920e+02     -1.105764854e+00     3.000000000e+00     3.119142597e-02     8.788722477e-04     -3.521221936e-01     6.275094104e-01     9.744265796e-01     8.304162946e-03     -6.831285152e-04
333.3333310700000425     8.225575465e+02     -4.219056940e+02     -1.092072342e+00     3.000000000e+00     -1.336268408e-02     1.175029494e-03     -2.200901573e-01     6.172032793e-01     1.003416403e+00     1.150064262e-02     -8.627911531e-04
346.6666643400000112     8.409621477e+02     -4.574217264e+02     -1.076325961e+00     3.000000000e+00     -3.758926168e-02     1.186952734e-03     -5.862408366e-02     6.098808423e-01     1.038130592e+00     1.271926857e-02     -2.355744099e-04
359.9999975700000050     8.597386332e+02     -4.927436888e+02     -1.062201214e+00     3.000000000e+00     -4.005918352e-02     9.317842242e-04     9.639040078e-02     6.086344800e-01     1.071163718e+00     1.053290424e-02     4.862006243e-05
373.3333307999999988     8.790020261e+02     -5.278013649e+02     -1.052547448e+00     3.000000000e+00     -2.582434660e-02     5.163055761e-04     1.882604851e-01     6.106656741e-01     1.094134486e+00     3.247608488e-03     2.560590474e-04
386.6666640700000244     8.986983225e+02     -5.626162626e+02     -1.048151398e+00     3.000000000e+00     -7.758245911e-03     1.431268678e-04     1.378464020e-01     6.063184228e-01     1.117497666e+00     -1.080972100e-02     -9.081467357e-04
399.9999973000000182     9.186369827e+02     -5.972926256e+02     -1.047197551e+00     3.000000000e+00     0.000000000e+00     0.000000000e+00     0.000000000e+00     6.024201667e-01     1.146451094e+00     -9.867239380e-03     3.234082870e-04
