11 0
31 0
0.0000000000000000     2.496391144e-10     7.739165105e-11     0.000000000e+00     3.000000000e+00     0.000000000e+00     0.000000000e+00     0.000000000e+00     6.024201667e-01     0.000000000e+00     -1.472292741e-02     -1.070998628e-03
19.9910117080009009     5.997409370e+01     -1.728825450e-01     4.424953195e-03     3.000000000e+00     -3.057114315e-02     4.426942726e-04     -3.477845152e-01     6.299737879e-01     8.629587626e-02     -2.007116107e-02     3.827599609e-03
39.9820234219991022     1.199657318e+02     -7.217896638e-01     2.389029593e-02     3.000000000e+00     -1.093146284e-01     1.504715195e-03     -5.801680095e-01     6.971954462e-01     1.563523735e-01     -3.177636707e-03     2.897588611e-03
59.9730351300000066     1.800267395e+02     -1.185514916e+00     6.561426788e-02     3.000000000e+00     -2.059187076e-01     2.669557978e-03     -6.100000000e-01     7.535224857e-01     1.905558634e-01     1.930963511e-04     2.737647901e-03
79.9640468200089884     2.402037741e+02     -3.701358680e-01     1.288249196e-01     3.000000000e+00     -2.975235054e-01     3.654349246e-03     -6.098925215e-01     8.126930568e-01     2.291555744e-01     -1.823436691e-04     3.182069613e-03
99.9550585699910101     3.004389743e+02     3.086089353e+00     2.097937385e-01     3.000000000e+00     -3.776249995e-01     4.446173138e-03     -6.100000000e-01     8.699810528e-01     2.733245484e-01     1.715909870e-04     2.549305756e-03
119.9460702600000133     3.604908575e+02     1.040436232e+01     3.048911138e-01     3.000000000e+00     -4.443337748e-01     5.067840133e-03     -6.100000000e-01     9.194610320e-01     3.226028855e-01     -1.715909870e-04     2.400916864e-03
139.9370819500090022     4.199050912e+02     2.258747107e+01     4.109580760e-01     3.000000000e+00     -4.977774950e-01     5.543625026e-03     -6.100000000e-01     9.595687014e-01     3.764061867e-01     1.715909870e-04     1.611653385e-03
159.9280936999910239     4.780291681e+02     4.037975502e+01     5.253378236e-01     3.000000000e+00     -5.393477789e-01     5.899492438e-03     -6.100000000e-01     9.906540553e-01     4.339354626e-01     -1.715909870e-04     1.498279649e-03
179.9191053899999986     5.340572364e+02     6.424551487e+01     6.458848963e-01     3.000000000e+00     -5.709770041e-01     6.160634829e-03     -6.100000000e-01     1.014169516e+00     4.945096452e-01     1.715909870e-04     8.543237660e-04
199.9101170800090017     5.870886250e+02     9.436831924e+01     7.709294060e-01     3.000000000e+00     -5.946546744e-01     6.349438356e-03     -6.100000000e-01     1.031549398e+00     5.574174799e-01     -1.715909870e-04     8.844457830e-04
219.9011288299910234     6.361871506e+02     1.306668067e+02     8.992105913e-01     3.000000000e+00     -6.121702982e-01     6.484447900e-03     -6.100000000e-01     1.044306451e+00     6.221279551e-01     1.715909870e-04     3.918331404e-04
239.8921405200000265     6.804337320e+02     1.728209237e+02     1.029798801e+00     3.000000000e+00     -6.250152981e-01     6.580244505e-03     -6.100000000e-01     1.053513155e+00     6.881614960e-01     -1.715909870e-04     5.292511440e-04
259.8831522100090297     7.189694153e+02     2.203033502e+02     1.162020462e+00     3.000000000e+00     -6.343750793e-01     6.647866534e-03     -6.100000000e-01     1.060190369e+00     7.551839942e-01     1.715909870e-04     1.387705274e-04
279.8741639599910513     7.510287156e+02     2.724125392e+02     1.295393645e+00     3.000000000e+00     -6.411630621e-01     6.695448476e-03     -6.100000000e-01     1.064940221e+00     8.229157125e-01     -1.715909870e-04     3.364282028e-04
299.8651756500000261     7.759644468e+02     3.283053429e+02     1.429576522e+00     3.000000000e+00     -6.460684828e-01     6.728872320e-03     -6.100000000e-01     1.068381246e+00     8.911683230e-01     1.715909870e-04     7.829015595e-06
319.8561873400090008     7.932655147e+02     3.870282987e+02     1.564328022e+00     3.000000000e+00     -6.496039414e-01     6.752336279e-03     -6.100000000e-01     1.070797491e+00     9.597902080e-01     -1.715909870e-04     2.339041232e-04
339.8471990899910224     8.025689323e+02     4.475472588e+02     1.699476621e+00     3.000000000e+00     -6.521330779e-01     6.768600160e-03     -6.098955442e-01     1.072514946e+00     1.028678217e+00     1.820412645e-04     -6.208137371e-05
359.8382107799999972     8.036674428e+02     5.087754434e+02     1.834902104e+00     3.000000000e+00     -6.539487898e-01     6.780037090e-03     -6.100000000e-01     1.073756732e+00     1.097755289e+00     -1.924915420e-04     1.863158162e-04
379.8292224700090287     7.964962593e+02     5.695889965e+02     1.969961593e+00     3.000000000e+00     -6.515965976e-01     6.731984258e-03     -5.821654250e-01     1.062029818e+00     1.167228261e+00     2.977200534e-03     -1.359534510e-03
399.8202342199910504     7.811031388e+02     6.287994906e+02     2.101101834e+00     3.000000000e+00     -6.294108162e-01     6.387936142e-03     -4.535879296e-01     1.002957863e+00     1.244124338e+00     9.886330077e-03     -4.550316948e-03
419.8112459100000251     7.577692124e+02     6.851757430e+02     2.219804232e+00     3.000000000e+00     -5.688267285e-01     5.487640731e-03     -2.192170903e-01     8.984800665e-01     1.332199368e+00     1.356129155e-02     -5.902160206e-03
439.8022576000089998     7.273126967e+02     7.377418129e+02     2.315647965e+00     3.000000000e+00     -4.714181555e-01     4.101041896e-03     5.260266228e-02     7.918941872e-01     1.417918656e+00     1.363290518e-02     -4.761219998e-03
459.7932693499910783     6.911503777e+02     7.862054099e+02     2.382160959e+00     3.000000000e+00     -3.555963854e-01     2.553248039e-03     2.940660428e-01     7.158598558e-01     1.484813492e+00     1.052428946e-02     -2.845631773e-03
479.7842810400000531     6.509315578e+02     8.310442456e+02     2.418764857e+00     3.000000000e+00     -2.372984740e-01     1.108787451e-03     4.507586244e-01     6.736581601e-01     1.528511575e+00     5.152013860e-03     -1.376435253e-03
499.7752927300090278     6.081457436e+02     8.732165873e+02     2.428767534e+00     3.000000000e+00     -1.252136357e-01     -1.080699786e-04     4.854277475e-01     6.505250562e-01     1.558023433e+00     -1.683542769e-03     -9.379152400e-04
519.7663044799910494     5.640027708e+02     9.138499086e+02     2.417818809e+00     3.000000000e+00     -2.917395260e-02     -9.872947578e-04     3.775987761e-01     6.317429050e-01     1.591425499e+00     -9.104202540e-03     -9.411443519e-04
539.7573161700000810     5.195066524e+02     9.540645834e+02     2.394835181e+00     3.000000000e+00     3.137268788e-02     -1.312101406e-03     1.410510688e-01     6.140211695e-01     1.644334628e+00     -1.456120377e-02     -8.318259908e-04
559.7483278600089989     4.754667615e+02     9.947761176e+02     2.372094136e+00     3.000000000e+00     4.052187727e-02     -9.630255918e-04     -1.294045236e-01     6.101440744e-01     1.703694930e+00     -1.249651559e-02     4.439421608e-04
579.7393396099910206     4.322654969e+02     1.036374157e+03     2.359331349e+00     3.000000000e+00     1.579197254e-02     -3.138269445e-04     -1.840255691e-01     6.095798078e-01     1.746597417e+00     7.031955192e-03     -5.003941992e-04
599.7303513000000521     3.896804833e+02     1.078602914e+03     2.356194490e+00     3.000000000e+00     0.000000000e+00     0.000000000e+00     0.000000000e+00     6.024201667e-01     1.786536809e+00     1.137887581e-02     -2.158918198e-04
