14 0
31 0
0.0000000000000000     2.496391144e-10     7.739165105e-11     0.000000000e+00     3.000000000e+00     0.000000000e+00     0.000000000e+00     0.000000000e+00     6.024201667e-01     0.000000000e+00     5.235515241e-02     8.926590021e-03
23.2988001110034553     6.990123160e+01     3.355236705e-01     -9.599499704e-03     3.000000000e+00     5.760250911e-02     -8.240338264e-04     6.100000000e-01     6.877988875e-01     3.581132156e-01     8.059171735e-06     -1.597567032e-03
46.5976002289965479     1.398576409e+02     1.063655858e+00     -4.604846851e-02     3.000000000e+00     1.719809334e-01     -2.304794151e-03     6.100000000e-01     7.349126068e-01     3.975268891e-01     -8.059171735e-06     5.641871385e-03
69.8964003399999996     2.099524130e+02     7.320236730e-01     -1.133257628e-01     3.000000000e+00     2.788690682e-01     -3.470378298e-03     6.100000000e-01     8.002759209e-01     4.424927846e-01     8.059171735e-06     -3.099754519e-05
93.1952004300345322     2.801398068e+02     -2.868593798e+00     -2.046435919e-01     3.000000000e+00     3.704730821e-01     -4.368465653e-03     6.100000000e-01     8.644120899e-01     4.945596867e-01     -8.059171735e-06     5.536531622e-03
116.4940005899654665     3.500709840e+02     -1.162913645e+01     -3.142230628e-01     3.000000000e+00     4.438612454e-01     -5.037981922e-03     6.100000000e-01     9.182477896e-01     5.538093612e-01     8.059171735e-06     -9.152035345e-04
139.7928006799999991     4.190318106e+02     -2.703733398e+01     -4.372229224e-01     3.000000000e+00     4.997292423e-01     -5.520489675e-03     6.100000000e-01     9.595894267e-01     6.178766934e-01     -8.059171735e-06     4.464024673e-03
163.0916007700345460     4.859825143e+02     -5.011013784e+01     -5.697774300e-01     3.000000000e+00     5.407101439e-01     -5.858165614e-03     6.100000000e-01     9.898229599e-01     6.870261616e-01     8.059171735e-06     -1.868737957e-03
186.3904009299654660     5.496576887e+02     -8.137154820e+01     -7.089562156e-01     3.000000000e+00     5.699937767e-01     -6.089126514e-03     6.100000000e-01     1.011156539e+00     7.590006662e-01     -8.059171735e-06     3.700040734e-03
209.6892010200000129     6.086841008e+02     -1.208740955e+02     -8.526355462e-01     3.000000000e+00     5.905415752e-01     -6.244498391e-03     6.100000000e-01     1.025978886e+00     8.338020560e-01     8.059171735e-06     -2.427670684e-03
232.9880011100345314     6.616885907e+02     -1.682486442e+02     -9.993289009e-01     3.000000000e+00     6.047792859e-01     -6.347854346e-03     6.100000000e-01     1.036069948e+00     9.100550191e-01     -8.059171735e-06     3.293900834e-03
256.2868012699654514     7.073846695e+02     -2.227670524e+02     -1.148021626e+00     3.000000000e+00     6.145588547e-01     -6.416127038e-03     6.100000000e-01     1.042952627e+00     9.876998900e-01     8.059171735e-06     -2.703082519e-03
279.5856013599999983     7.446368388e+02     -2.834073853e+02     -1.298033001e+00     3.000000000e+00     6.212351663e-01     -6.461048987e-03     6.100000000e-01     1.047551582e+00     1.066034870e+00     -8.059171735e-06     3.097862931e-03
302.8844014500345452     7.725060443e+02     -3.489165490e+02     -1.448911436e+00     3.000000000e+00     6.257730802e-01     -6.490556575e-03     6.100000000e-01     1.050683422e+00     1.145016665e+00     8.059171735e-06     -2.829021622e-03
326.1832016099654652     7.902804352e+02     -4.178686163e+02     -1.600359372e+00     3.000000000e+00     6.288477603e-01     -6.509935773e-03     6.100000000e-01     1.052742409e+00     1.224313992e+00     -8.059171735e-06     3.005767822e-03
349.4820017000000121     7.974948618e+02     -4.887188173e+02     -1.752181453e+00     3.000000000e+00     6.309261444e-01     -6.522673631e-03     6.100000000e-01     1.054162775e+00     1.303903745e+00     8.059171735e-06     -2.883841741e-03
372.7808017900345590     7.939414872e+02     -5.598537556e+02     -1.904249597e+00     3.000000000e+00     6.323285876e-01     -6.531058147e-03     6.100000000e-01     1.055072483e+00     1.383634667e+00     -8.059171735e-06     2.961932303e-03
396.0796019499654790     7.796730111e+02     -6.296384138e+02     -2.056479820e+00     3.000000000e+00     6.332736431e-01     -6.536586773e-03     6.100000000e-01     1.055722384e+00     1.463495633e+00     8.059171735e-06     -2.906143924e-03
419.3784020400000259     7.549994111e+02     -6.964602835e+02     -2.208816996e+00     3.000000000e+00     6.339098131e-01     -6.540239071e-03     6.100000000e-01     1.056116246e+00     1.543418498e+00     -8.059171735e-06     2.939953540e-03
442.6772021300345159     7.204787749e+02     -7.587706790e+02     -2.361224878e+00     3.000000000e+00     6.343377010e-01     -6.542656293e-03     6.100000000e-01     1.056420882e+00     1.623398117e+00     8.059171735e-06     -2.913803200e-03
465.9760022899654359     6.769026490e+02     -8.151230562e+02     -2.513679588e+00     3.000000000e+00     6.346253100e-01     -6.544258895e-03     6.100000000e-01     1.056583750e+00     1.703403935e+00     -8.059171735e-06     2.927784059e-03
489.2748023799999828     6.252763041e+02     -8.642079892e+02     -2.666165366e+00     3.000000000e+00     6.348185277e-01     -6.545323108e-03     6.100000000e-01     1.056733812e+00     1.783433610e+00     8.059171735e-06     -2.914902575e-03
512.5736024700345297     5.667943569e+02     -9.048843556e+02     -2.818671785e+00     3.000000000e+00     6.349482781e-01     -6.546030813e-03     6.100000000e-01     1.056793256e+00     1.863473460e+00     -8.059171735e-06     2.920005381e-03
535.8724026299655634     5.028158259e+02     -9.361510994e+02     -2.969433662e+00     3.000000000e+00     6.251480045e-01     -6.395569327e-03     5.408758281e-01     1.025644371e+00     1.947996695e+00     -5.925651711e-03     -5.593867119e-03
559.1712027199999966     4.349473270e+02     -9.569392004e+02     -3.103750866e+00     3.000000000e+00     5.415316296e-01     -5.134398105e-03     1.976531236e-02     8.557573386e-01     2.202942829e+00     -3.880716829e-02     -8.989461794e-03
582.4700028100345435     3.651355459e+02     -9.670091120e+02     -3.194659580e+00     3.000000000e+00     3.694185050e-01     -2.669326912e-03     -6.100000000e-01     7.864640761e-01     2.463185221e+00     -1.525272400e-02     3.041235946e-03
605.7688029699654635     2.949979052e+02     -9.685824282e+02     -3.231022389e+00     3.000000000e+00     1.939901093e-01     -4.521049352e-04     -6.100000000e-01     6.908618840e-01     2.571501257e+00     1.525272400e-02     -1.124785531e-02
629.0676030600000104     2.251132874e+02     -9.653793301e+02     -3.223462860e+00     3.000000000e+00     4.524652596e-02     1.101024940e-03     -6.100000000e-01     6.781071744e-01     2.685202209e+00     -1.525272400e-02     1.015297406e-02
652.3664031500345573     1.553630397e+02     -9.606833274e+02     -3.188151120e+00     3.000000000e+00     -6.331342831e-02     1.930181770e-03     -2.857696943e-01     6.393273280e-01     2.992092246e+00     4.308508483e-02     -1.348188768e-02
675.6652033099654773     8.554838433e+01     -9.573166419e+02     -3.153629157e+00     3.000000000e+00     -5.002598182e-02     1.033229474e-03     5.700296285e-01     6.734836867e-01     3.398541331e+00     3.037786763e-02     1.641391496e-02
698.9640034000000242     1.566152994e+01     -9.563132675e+02     -3.141592654e+00     3.000000000e+00     0.000000000e+00     0.000000000e+00     0.000000000e+00     6.024201667e-01     4.357768550e+00     -7.930996934e-02     -2.251410206e-02
