09 0
31 0
0.0000000000000000     2.496391144e-10     7.739165105e-11     0.000000000e+00     3.000000000e+00     0.000000000e+00     0.000000000e+00     0.000000000e+00     6.024201667e-01     0.000000000e+00     -1.281514109e-02     -6.984666232e-04
16.2568184917076515     4.877075632e+01     -1.010355556e-01     2.325131648e-03     3.000000000e+00     -1.940537083e-02     2.860500225e-04     -2.679192488e-01     6.183699407e-01     6.512740420e-02     -2.014570531e-02     2.660692391e-03
32.5136369882923475     9.754733632e+01     -4.837011705e-01     1.316908538e-02     3.000000000e+00     -7.416016774e-02     1.048030657e-03     -5.137074040e-01     6.696838637e-01     1.283162324e-01     -1.009245663e-02     3.652218459e-03
48.7704554800000025     1.463523692e+02     -1.055836610e+00     3.807582618e-02     3.000000000e+00     -1.500481465e-01     2.016128644e-03     -6.068069686e-01     7.222195314e-01     1.621283067e-01     -1.361145394e-03     2.810997908e-03
65.0272739570765168     1.952224342e+02     -1.295203485e+00     7.825989326e-02     3.000000000e+00     -2.289495229e-01     2.927528331e-03     -6.099999992e-01     7.675152836e-01     1.907014799e-01     9.683218385e-04     2.761525681e-03
81.2840924829234837     2.441746822e+02     -4.656153507e-01     1.321194415e-01     3.000000000e+00     -3.020697856e-01     3.698558843e-03     -6.059146734e-01     8.147135895e-01     2.227196370e-01     -4.657233973e-04     3.045060138e-03
97.5409109600000050     2.931680004e+02     2.169299324e+00     1.974928775e-01     3.000000000e+00     -3.673838736e-01     4.344027843e-03     -6.099999986e-01     8.623331410e-01     2.584536350e-01     -3.687496591e-05     2.813349555e-03
113.7977294370765122     3.420786253e+02     7.267529831e+00     2.724712879e-01     3.000000000e+00     -4.241659492e-01     4.880213715e-03     -6.099999906e-01     9.043207674e-01     2.976223913e-01     3.687594611e-05     2.352190851e-03
130.0545479629234933     3.906887145e+02     1.539620246e+01     3.553361105e-01     3.000000000e+00     -4.719885783e-01     5.314256087e-03     -6.099999987e-01     9.401110661e-01     3.399082669e-01     -3.687694869e-05     2.050921448e-03
146.3113664400000005     4.386881628e+02     2.701692316e+01     4.445396285e-01     3.000000000e+00     -5.114011791e-01     5.660033623e-03     -6.099999677e-01     9.697243429e-01     3.849393720e-01     3.688077218e-05     1.592260863e-03
162.5681849170765076     4.856878647e+02     4.247134922e+01     5.387614401e-01     3.000000000e+00     -5.433292399e-01     5.931633182e-03     -6.099999988e-01     9.935788416e-01     4.322962517e-01     -3.688460464e-05     1.342446040e-03
178.8250034429234745     5.312387465e+02     6.197691557e+01     6.369009459e-01     3.000000000e+00     -5.688195851e-01     6.142009126e-03     -6.097130612e-01     1.012445129e+00     4.815901423e-01     7.218519659e-05     9.785846128e-04
195.0818219200000101     5.748535493e+02     8.562802474e+01     7.380653436e-01     3.000000000e+00     -5.889807129e-01     6.303771427e-03     -6.099999996e-01     1.027359912e+00     5.324627441e-01     -1.074858856e-04     8.563111064e-04
211.3386403970765173     6.160283252e+02     1.134019669e+02     8.415511811e-01     3.000000000e+00     -6.048230028e-01     6.427604950e-03     -6.099607109e-01     1.038943866e+00     5.846099688e-01     1.123193952e-04     5.688083461e-04
227.5954589229234841     6.542613255e+02     1.451685722e+02     9.468073073e-01     3.000000000e+00     -6.171753797e-01     6.521561740e-03     -6.099999979e-01     1.047870361e+00     6.377584763e-01     -1.171526895e-04     5.293764314e-04
243.8522773999999913     6.890694110e+02     1.807010307e+02     1.053404727e+00     3.000000000e+00     -6.267638053e-01     6.592617942e-03     -6.099999848e-01     1.054771158e+00     6.916971514e-01     1.171542914e-04     3.195961479e-04
260.1090958770765269     7.199855214e+02     2.196920018e+02     1.160596174e+00     3.000000000e+00     -6.308469515e-01     6.594642259e-03     -5.790963947e-01     1.046830696e+00     7.467990887e-01     3.684769208e-03     -1.296473898e-03
276.3659144029234653     7.465384723e+02     2.617587902e+02     1.266144298e+00     3.000000000e+00     -6.204822261e-01     6.390447422e-03     -4.852804320e-01     1.007615501e+00     8.055496098e-01     7.856967912e-03     -3.527987343e-03
292.6227328800000009     7.683005870e+02     3.064108199e+02     1.365671056e+00     3.000000000e+00     -5.867281603e-01     5.853862078e-03     -3.344507549e-01     9.386387000e-01     8.691239606e-01     1.069889863e-02     -4.957904354e-03
308.8795513570764797     7.850493196e+02     3.530304486e+02     1.453784827e+00     3.000000000e+00     -5.283999954e-01     4.986361181e-03     -1.500109539e-01     8.561056997e-01     9.336664283e-01     1.199186354e-02     -5.195742911e-03
325.1363698829234750     7.969216155e+02     4.009440553e+02     1.526053898e+00     3.000000000e+00     -4.518416924e-01     3.904563028e-03     4.235550937e-02     7.783496506e-01     9.928255598e-01     1.167407864e-02     -4.370218482e-03
341.3931883599999537     8.044246537e+02     4.495526509e+02     1.580180347e+00     3.000000000e+00     -3.656592718e-01     2.754359795e-03     2.172492509e-01     7.178563553e-01     1.041436228e+00     9.842276668e-03     -3.071987427e-03
357.6500068370764893     8.083136280e+02     4.984265871e+02     1.615956757e+00     3.000000000e+00     -2.766680444e-01     1.647043748e-03     3.518763398e-01     6.777194288e-01     1.077797636e+00     6.720261558e-03     -1.865870056e-03
373.9068253629234846     8.094391044e+02     5.473221337e+02     1.634600614e+00     3.000000000e+00     -1.891793053e-01     6.466223635e-04     4.274922792e-01     6.538703781e-01     1.104012426e+00     2.582412205e-03     -1.068166606e-03
390.1636438400000202     8.086421711e+02     5.961440722e+02     1.638186285e+00     3.000000000e+00     -1.067047749e-01     -2.054941068e-04     4.300457837e-01     6.390268934e-01     1.125495805e+00     -2.268266554e-03     -7.579575753e-04
406.4204623170764989     8.067138032e+02     6.448920067e+02     1.629609857e+00     3.000000000e+00     -3.471518324e-02     -8.496234489e-04     3.521497260e-01     6.272309838e-01     1.149900572e+00     -7.314919444e-03     -6.932377637e-04
422.6772808429234942     8.043898877e+02     6.936091010e+02     1.613108006e+00     3.000000000e+00     1.733502141e-02     -1.180521813e-03     1.995100075e-01     6.157908559e-01     1.183852822e+00     -1.146362797e-02     -7.141874176e-04
438.9340993199999730     8.023155948e+02     7.423372425e+02     1.594485817e+00     3.000000000e+00     3.992321605e-02     -1.110478569e-03     3.145638615e-03     6.085416945e-01     1.225954279e+00     -1.269415776e-02     -1.776428601e-04
455.1909177970765086     8.009297834e+02     7.910897947e+02     1.579826556e+00     3.000000000e+00     3.242702845e-02     -6.929814552e-04     -1.629734676e-01     6.099601550e-01     1.262041071e+00     -7.742695396e-03     3.521493943e-04
471.4477363229234470     8.003150592e+02     8.398566885e+02     1.572495023e+00     3.000000000e+00     1.101454165e-02     -2.089826035e-04     -1.549954943e-01     6.074036171e-01     1.291216078e+00     8.724187966e-03     -6.666682427e-04
487.7045547999999826     8.001841055e+02     8.886269567e+02     1.570796327e+00     3.000000000e+00     0.000000000e+00     0.000000000e+00     0.000000000e+00     6.024201667e-01     1.323982963e+00     1.034417948e-02     5.357775351e-05
