06 0
31 0
0.0000000000000000     2.496391144e-10     7.739165105e-11     0.000000000e+00     3.000000000e+00     0.000000000e+00     0.000000000e+00     0.000000000e+00     6.024201667e-01     0.000000000e+00     1.267190734e-02     -5.871100104e-04
13.1492865820184033     3.944794877e+01     5.870797809e-02     -1.252643740e-03     3.000000000e+00     1.268739467e-02     -1.905264946e-04     2.216995645e-01     6.130998181e-01     5.460187440e-02     2.104848701e-02     2.211479720e-03
26.2985731679815942     7.889778945e+01     3.045702089e-01     -7.300335409e-03     3.000000000e+00     5.036822335e-02     -7.293244236e-04     4.452474156e-01     6.497933201e-01     1.115712489e-01     1.295303082e-02     3.369583834e-03
39.4478597499999992     1.183580352e+02     7.593764677e-01     -2.175786877e-02     3.000000000e+00     1.060032846e-01     -1.469659266e-03     5.680683371e-01     6.931156076e-01     1.439910447e-01     5.727970717e-03     3.219714707e-03
52.5971463201840450     1.578465268e+02     1.224770121e+00     -4.613435162e-02     3.000000000e+00     1.686097722e-01     -2.237991744e-03     6.097041669e-01     7.324350184e-01     1.674115572e-01     6.048184506e-04     2.760748275e-03
65.7464329298159527     1.973826272e+02     1.354470594e+00     -8.017927736e-02     3.000000000e+00     2.306722271e-01     -2.940224660e-03     6.096573834e-01     7.683641089e-01     1.906678599e-01     -6.119342022e-04     2.704048650e-03
78.8957194999999984     2.369723894e+02     7.522233671e-01     -1.228391600e-01     3.000000000e+00     2.885129299e-01     -3.548322441e-03     6.068777947e-01     8.052816165e-01     2.161679500e-01     1.891601356e-04     2.911086043e-03
92.0450060701840442     2.765958527e+02     -9.662512901e-01     -1.729412725e-01     3.000000000e+00     3.412045745e-01     -4.072184145e-03     6.096281468e-01     8.427679266e-01     2.440425205e-01     2.291670482e-04     2.790563211e-03
105.1942926798159448     3.161992785e+02     -4.150204460e+00     -2.294387734e-01     3.000000000e+00     3.883182803e-01     -4.521057847e-03     6.096373867e-01     8.768016109e-01     2.741081023e-01     -2.277616589e-04     2.385943381e-03
118.3435792499999906     3.556895316e+02     -9.114378754e+00     -2.912939999e-01     3.000000000e+00     4.287399395e-01     -4.887091589e-03     5.982243769e-01     9.031085870e-01     3.060572056e-01     -1.508151501e-03     1.615334705e-03
131.4928658201840221     3.949288481e+02     -1.614125110e+01     -3.572257143e-01     3.000000000e+00     4.601947672e-01     -5.141089626e-03     5.635871210e-01     9.155460904e-01     3.399329199e-01     -3.760158027e-03     2.764034261e-04
144.6421524298159227     4.337321637e+02     -2.547337344e+01     -4.254688797e-01     3.000000000e+00     4.794655024e-01     -5.238662150e-03     5.006039826e-01     9.102986599e-01     3.760472658e-01     -5.819546234e-03     -1.074535015e-03
157.7914389999999969     4.718748220e+02     -3.728908220e+01     -4.937440424e-01     3.000000000e+00     4.839389904e-01     -5.145956404e-03     4.143680813e-01     8.882033190e-01     4.140985081e-01     -7.296891797e-03     -2.286155436e-03
170.9407255701840427     5.091175880e+02     -5.166886700e+01     -5.595306072e-01     3.000000000e+00     4.729719903e-01     -4.860147636e-03     3.124858417e-01     8.534674800e-01     4.528808090e-01     -8.199346560e-03     -2.997148527e-03
184.0900121798159432     5.452443164e+02     -6.857405849e+01     -6.204722962e-01     3.000000000e+00     4.480149015e-01     -4.409053189e-03     2.024020141e-01     8.115152507e-01     4.908005293e-01     -8.544349291e-03     -3.383764848e-03
197.2392987499999890     5.800983099e+02     -8.785153411e+01     -6.747000866e-01     3.000000000e+00     4.118952624e-01     -3.838966965e-03     9.127833424e-02     7.680262255e-01     5.262555271e-01     -8.357507568e-03     -3.230894429e-03
210.3885853201840348     6.136046224e+02     -1.092610751e+02     -7.209831361e-01     3.000000000e+00     3.678758762e-01     -3.200662013e-03     -1.413161637e-02     7.274074262e-01     5.580490897e-01     -7.675293895e-03     -2.947204897e-03
223.5378719298159353     6.457737199e+02     -1.325126133e+02     -7.587198088e-01     3.000000000e+00     3.189523172e-01     -2.539067290e-03     -1.076628667e-01     6.927215969e-01     5.855722534e-01     -6.550763115e-03     -2.328492610e-03
236.6871584999999811     6.766902827e+02     -1.573006873e+02     -7.878320999e-01     3.000000000e+00     2.675608144e-01     -1.888897819e-03     -1.839793615e-01     6.651395409e-01     6.088513430e-01     -5.056938075e-03     -1.866724503e-03
249.8364450701840269     7.064946403e+02     -1.833290487e+02     -8.086340374e-01     3.000000000e+00     2.156119520e-01     -1.275066609e-03     -2.387966606e-01     6.447298914e-01     6.284949529e-01     -3.280746067e-03     -1.237573115e-03
262.9857316798158990     7.353633982e+02     -2.103242549e+02     -8.217236914e-01     3.000000000e+00     1.647104771e-01     -7.158633050e-04     -2.691010652e-01     6.303934918e-01     6.455147910e-01     -1.328538920e-03     -9.429861872e-04
276.1350182499999732     7.634928360e+02     -2.380405354e+02     -8.279219807e-01     3.000000000e+00     1.164243739e-01     -2.268934337e-04     -2.734215087e-01     6.208826064e-01     6.611773004e-01     6.714015927e-04     -5.036147801e-04
289.2843048201839906     7.910857496e+02     -2.662593897e+02     -8.282582026e-01     3.000000000e+00     7.250092090e-02     1.757542558e-04     -2.520635744e-01     6.146003973e-01     6.767275733e-01     2.577129682e-03     -4.519061266e-04
302.4335914298159764     8.183405534e+02     -2.947873192e+02     -8.239827271e-01     3.000000000e+00     3.493196073e-02     4.745434571e-04     -2.073143298e-01     6.104253677e-01     6.931557254e-01     4.229208334e-03     -1.831138216e-04
315.5828779999999938     8.454410431e+02     -3.234544348e+02     -8.165777763e-01     3.000000000e+00     5.853998331e-03     6.517458939e-04     -1.438249524e-01     6.073647041e-01     7.109013775e-01     5.427494625e-03     -2.824116057e-04
328.7321645701840680     8.725451311e+02     -3.521165512e+02     -8.077122972e-01     3.000000000e+00     -1.296071987e-02     6.966891104e-04     -6.913848533e-02     6.052841149e-01     7.296594123e-01     5.932280162e-03     -3.404496991e-05
341.8814511798159401     8.997719423e+02     -3.806625312e+02     -7.990774723e-01     3.000000000e+00     -2.094837124e-02     6.166634886e-04     5.757544639e-03     6.042099000e-01     7.483607278e-01     5.459369031e-03     -1.293425959e-04
355.0307377500000143     9.271904595e+02     -4.090246008e+02     -7.921146252e-01     3.000000000e+00     -1.934776264e-02     4.423821211e-04     6.584812111e-02     6.042610216e-01     7.656155977e-01     3.680377993e-03     1.371181706e-04
368.1800243201840317     9.548139927e+02     -4.371866084e+02     -7.876979834e-01     3.000000000e+00     -1.151726106e-02     2.293869137e-04     9.175237064e-02     6.043185399e-01     7.809179196e-01     2.596455744e-04     -1.283696707e-04
381.3293109298159607     9.826013890e+02     -4.651865762e+02     -7.857940048e-01     3.000000000e+00     -3.257977246e-03     6.020728930e-05     6.022251697e-02     6.031917537e-01     7.969833478e-01     -5.055320755e-03     -4.301395557e-05
394.4785974999999780     1.010474564e+03     -4.931010853e+02     -7.853981634e-01     3.000000000e+00     0.000000000e+00     0.000000000e+00     0.000000000e+00     6.024201667e-01     8.141060611e-01     -4.104494353e-03     -7.434404687e-05
