 12.10243837  54.21343319
 12.10250726  54.21321915
 12.10264082  54.21300511
 12.10267773  54.21297960
 12.10300719  54.21279719
 12.10304384  54.21279107
 12.10333665  54.21273868
 12.10366611  54.21265116
 12.10399557  54.21266556
 12.10432504  54.21277692
 12.10437471  54.21279107
 12.10465450  54.21297297
 12.10484091  54.21300511
 12.10498396  54.21302051
 12.10529804  54.21321915
 12.10531342  54.21335444
 12.10533861  54.21343319
 12.10564288  54.21353101
 12.10597234  54.21359097
 12.10630180  54.21357838
 12.10663126  54.21356680
 12.10696072  54.21349161
 12.10707173  54.21343319
 12.10729018  54.21332194
 12.10758723  54.21321915
 12.10761964  54.21320862
 12.10764501  54.21321915
 12.10783830  54.21343319
 12.10777655  54.21364723
 12.10792329  54.21386127
 12.10794910  54.21387512
 12.10811501  54.21407531
 12.10809369  54.21428935
 12.10794910  54.21445710
 12.10790919  54.21450339
 12.10771056  54.21471743
 12.10761964  54.21475641
 12.10729018  54.21489918
 12.10721516  54.21493147
 12.10696072  54.21502661
 12.10663126  54.21507336
 12.10630180  54.21509166
 12.10597234  54.21504093
 12.10564288  54.21507332
 12.10531342  54.21512966
 12.10498396  54.21512135
 12.10484584  54.21514550
 12.10465450  54.21518498
 12.10432504  54.21518952
 12.10399557  54.21518240
 12.10380494  54.21514550
 12.10366611  54.21511533
 12.10334805  54.21493147
 12.10333665  54.21492114
 12.10310039  54.21471743
 12.10300719  54.21463767
 12.10283935  54.21450339
 12.10267773  54.21436274
 12.10261193  54.21428935
 12.10247482  54.21407531
 12.10244206  54.21386127
 12.10240932  54.21364723
