02 0
31 0
0.0000000000000000     2.496391144e-10     7.739165105e-11     0.000000000e+00     3.000000000e+00     0.000000000e+00     0.000000000e+00     0.000000000e+00     6.024201667e-01     0.000000000e+00     0.000000000e+00     0.000000000e+00
3.3333333330000001     1.001084218e+01     3.815281441e-03     -6.643166567e-05     3.006505150e+00     2.488895968e-03     -3.985899940e-05     1.386679720e-01     8.155811648e-01     3.931388912e-01     8.320078320e-02     1.278965989e-01
6.6666666670000003     2.008102648e+01     3.081164471e-02     -5.445040889e-04     3.035597247e+00     1.556154648e-02     -2.469844545e-04     3.748220858e-01     1.221617982e+00     1.072152750e+00     5.849168509e-02     1.157254914e-01
10.0000000000000000     3.030417647e+01     1.201581168e-01     -2.170712321e-03     3.098191247e+00     4.642462010e-02     -7.287404848e-04     5.269769963e-01     1.572089725e+00     1.539150493e+00     3.280126124e-02     9.455755424e-02
13.3333333300000003     4.079212509e+01     3.141507871e-01     -5.847793570e-03     3.193981331e+00     9.537563595e-02     -1.477508265e-03     5.969722387e-01     1.843913506e+00     1.815156230e+00     9.195884157e-03     6.853671472e-02
16.6666666699999979     5.164785727e+01     6.369881559e-01     -1.232707310e-02     3.317260380e+00     1.579091263e-01     -2.410059455e-03     6.099527045e-01     2.027746235e+00     1.961514561e+00     -1.407604665e-03     4.176292253e-02
20.0000000000000000     6.295020420e+01     1.083485116e+00     -2.202614627e-02     3.458290131e+00     2.271138583e-01     -3.409384444e-03     5.899673244e-01     2.125464999e+00     2.040372610e+00     -1.058362338e-02     1.686833567e-02
23.3333333299999985     7.474486850e+01     1.614932464e+00     -3.492934424e-02     3.606274534e+00     2.940948660e-01     -4.332534339e-03     5.242911501e-01     2.145855939e+00     2.106796357e+00     -2.882208120e-02     -4.633771525e-03
26.6666666700000015     8.704346164e+01     2.158432504e+00     -5.050149358e-02     3.752028647e+00     3.479698939e-01     -5.010755266e-03     4.042246349e-01     2.101200937e+00     2.205411635e+00     -4.321782791e-02     -2.215922972e-02
30.0000000000000000     9.982546210e+01     2.614467592e+00     -6.769517616e-02     3.887634248e+00     3.793392949e-01     -5.305454284e-03     2.475358805e-01     2.003527873e+00     2.352010713e+00     -5.079542474e-02     -3.644460869e-02
33.3333333299999950     1.130390369e+02     2.878536151e+00     -8.517905641e-02     4.005513388e+00     3.851134910e-01     -5.184873864e-03     7.978070537e-02     1.860431649e+00     2.536651144e+00     -4.985768035e-02     -4.941312591e-02
36.6666666699999979     1.266039994e+02     2.869710949e+00     -1.017259161e-01     4.098846892e+00     3.699135710e-01     -4.743241933e-03     -7.318744330e-02     1.673138146e+00     2.745443041e+00     -4.192320885e-02     -6.296297562e-02
40.0000000000000000     1.404200980e+02     2.550250513e+00     -1.165391201e-01     4.162799849e+00     3.429203693e-01     -4.144680487e-03     -1.942445411e-01     1.438795971e+00     2.981347137e+00     -3.071104984e-02     -7.764232952e-02
43.3333333300000021     1.543791103e+02     1.926608410e+00     -1.293486526e-01     4.195639945e+00     3.130555984e-01     -3.541039001e-03     -2.782134613e-01     1.155360645e+00     3.263366523e+00     -1.967030228e-02     -9.241886583e-02
46.6666666699999979     1.683771240e+02     1.035436711e+00     -1.402890991e-01     4.199098331e+00     2.860121326e-01     -3.023228895e-03     -3.287058216e-01     8.254056868e-01     3.609826100e+00     -1.062511391e-02     -1.055541093e-01
50.0000000000000000     1.823231814e+02     -7.807008329e-02     -1.496288300e-01     4.177489580e+00     2.615161066e-01     -2.580609670e-03     -3.511990209e-01     4.584691427e-01     4.020912778e+00     -2.870805621e-03     -1.146078172e-01
53.3333333300000021     1.961453307e+02     -1.375814629e+00     -1.575562841e-01     4.137454657e+00     2.376339643e-01     -2.175862768e-03     -3.478858617e-01     6.991461273e-02     4.475570709e+00     4.858701119e-03     -1.185249008e-01
56.6666666699999979     2.098063281e+02     -2.833552605e+00     -1.641471074e-01     4.093548091e+00     2.116302907e-01     -1.778631209e-03     -3.187617010e-01     -3.267922321e-01     4.951312039e+00     1.261579528e-02     -1.194992061e-01
60.0000000000000000     2.232961656e+02     -4.436797516e+00     -1.694276020e-01     4.047837720e+00     1.833626081e-01     -1.389665562e-03     -2.641137450e-01     -7.177139337e-01     5.422480670e+00     2.017297834e-02     -1.150538149e-01
63.3333333299999950     2.365812367e+02     -6.165491509e+00     -1.734582536e-01     3.983374724e+00     1.543919070e-01     -1.028725412e-03     -1.854293404e-01     -1.079082527e+00     5.843077589e+00     2.703766445e-02     -1.017673410e-01
66.6666666699999979     2.495815408e+02     -7.991956866e+00     -1.763148187e-01     3.888557170e+00     1.235136742e-01     -6.852136486e-04     -8.668052435e-02     -1.383397973e+00     6.169425267e+00     3.221162516e-02     -8.082192696e-02
70.0000000000000000     2.621959908e+02     -9.886580346e+00     -1.780702042e-01     3.762012415e+00     9.150516219e-02     -3.680176153e-04     2.467977606e-02     -1.606715060e+00     6.385137174e+00     3.460455509e-02     -5.316832489e-02
73.3333333299999879     2.743348875e+02     -1.181898946e+01     -1.788387392e-01     3.611484817e+00     6.026105557e-02     -9.310341027e-05     1.381616375e-01     -1.728868252e+00     6.505498434e+00     3.348456178e-02     -2.012359063e-02
76.6666666700000121     2.859470915e+02     -1.376123259e+01     -1.787888315e-01     3.452016698e+00     3.220272311e-02     1.230480504e-04     2.420174241e-01     -1.735020655e+00     6.579283000e+00     2.882891017e-02     1.643214899e-02
80.0000000000000000     2.970380434e+02     -1.569075371e+01     -1.781409889e-01     3.302371453e+00     9.833921858e-03     2.656574759e-04     3.254525723e-01     -1.617561208e+00     6.681960615e+00     2.123217875e-02     5.404351933e-02
83.3333333300000021     3.076733757e+02     -1.759177194e+01     -1.771587021e-01     3.179957663e+00     -4.767736176e-03     3.237146033e-04     3.796186078e-01     -1.377954544e+00     6.897007279e+00     1.126744258e-02     8.972047896e-02
86.6666666699999979     3.179649755e+02     -1.945516196e+01     -1.761251186e-01     3.095379766e+00     -1.073203592e-02     2.964355112e-04     3.967748628e-01     -1.028403847e+00     7.288123353e+00     -9.736896145e-04     1.200099392e-01
90.0000000000000000     3.280403995e+02     -2.127797441e+01     -1.752915652e-01     3.047979493e+00     -9.351703710e-03     2.036965261e-04     3.678569443e-01     -5.937768219e-01     7.869952373e+00     -1.637706151e-02     1.407662760e-01
93.3333333300000021     3.379984202e+02     -2.306363805e+01     -1.747866888e-01     3.022117792e+00     -5.175031555e-03     9.922929756e-05     2.788750218e-01     -1.163601894e-01     8.583066024e+00     -3.701209197e-02     1.456837035e-01
96.6666666699999979     3.478900696e+02     -2.482077041e+01     -1.745771159e-01     3.005781239e+00     -1.587638420e-03     2.651444239e-05     1.085941009e-01     3.644330748e-01     9.370941513e+00     -6.515646055e-02     1.427922551e-01
100.0000000000000000     3.577471381e+02     -2.656174922e+01     -1.745329252e-01     3.000000000e+00     0.000000000e+00     0.000000000e+00     0.000000000e+00     6.024201667e-01     9.784003294e+00     0.000000000e+00     0.000000000e+00
