01 0
31 0
0.0000000000000000     2.496391144e-10     7.739165105e-11     0.000000000e+00     3.000000000e+00     0.000000000e+00     0.000000000e+00     0.000000000e+00     6.024201667e-01     0.000000000e+00     0.000000000e+00     0.000000000e+00
4.7839683428549362     1.443350480e+01     -3.041186327e-02     5.391774050e-04     3.034106547e+00     -1.435005942e-02     2.253928554e-04     -3.146513401e-01     1.234886757e+00     2.099762696e+00     -1.315440729e-01     2.644108594e-01
9.5679366871450640     2.929514364e+01     -2.331350634e-01     4.259953824e-03     3.178651267e+00     -8.557857001e-02     1.330117349e-03     -6.100000000e-01     2.117904777e+00     4.493110013e+00     8.069735755e-03     1.047462741e-01
14.3519050300000011     4.509330328e+01     -7.839905726e-01     1.509560524e-02     3.422859336e+00     -2.099474535e-01     3.199858608e-03     -6.099999998e-01     2.350000000e+00     4.831909786e+00     -8.069735651e-03     -7.715856774e-03
19.1358733685493654     6.211754842e+01     -1.672909757e+00     3.489754512e-02     3.681875751e+00     -3.420394303e-01     5.078590506e-03     -6.100000000e-01     2.350000000e+00     4.917131641e+00     8.069735548e-03     7.715856726e-03
23.9198417214506343     8.036053986e+01     -2.700396882e+00     6.305479781e-02     3.913708394e+00     -4.637216342e-01     6.692905477e-03     -6.099999995e-01     2.277953525e+00     5.032779211e+00     -8.069735336e-03     -3.783581978e-02
28.7038100600000021     9.961675981e+01     -3.596109093e+00     9.777801787e-02     4.080053809e+00     -5.592540731e-01     7.823578305e-03     -6.100000000e-01     1.945716517e+00     5.378837461e+00     8.069735126e-03     -1.010601696e-01
33.4877783985493664     1.194905029e+02     -4.086151280e+00     1.363848744e-01     4.148041133e+00     -6.162906107e-01     8.316510076e-03     -6.099999993e-01     1.438481641e+00     5.962960286e+00     -8.069734798e-03     -1.109959475e-01
38.2717467514506353     1.395206015e+02     -3.974705609e+00     1.761644385e-01     4.132156662e+00     -6.409179856e-01     8.313843887e-03     -6.100000000e-01     9.641611253e-01     6.464589602e+00     8.069734472e-03     -8.729989470e-02
43.0557150899999996     1.593695445e+02     -3.171863110e+00     2.151631107e-01     4.074401740e+00     -6.422644648e-01     7.990048118e-03     -4.069682390e-01     6.670683361e-01     6.832009612e+00     7.681032596e-02     -3.690359836e-02
47.8396834285493640     1.788834852e+02     -1.631804108e+00     2.517805090e-01     4.013077277e+00     -6.178699233e-01     7.318321415e-03     2.124734963e-02     6.433390370e-01     7.279178985e+00     1.022107536e-01     2.698325706e-02
52.6236517814506328     1.980485359e+02     6.907127074e-01     2.843698803e-01     3.972008104e+00     -5.675781193e-01     6.306079236e-03     4.345767101e-01     8.951063718e-01     7.820929534e+00     7.058694526e-02     7.827134187e-02
57.4076201200000042     2.169596943e+02     3.836336467e+00     3.115089484e-01     3.973472323e+00     -4.962389070e-01     5.039751479e-03     6.100000000e-01     1.321975171e+00     8.345216869e+00     2.751035825e-03     1.001866947e-01
62.1915884585493686     2.358311689e+02     7.861798509e+00     3.319535588e-01     4.044701972e+00     -4.027133366e-01     3.507374379e-03     6.099999940e-01     1.757876326e+00     8.781409919e+00     -2.751038343e-03     8.204743564e-02
66.9755568114506445     2.549506568e+02     1.283700057e+01     3.445165274e-01     4.186624484e+00     -2.883983312e-01     1.744728926e-03     6.100000000e-01     2.013619028e+00     9.008859580e+00     2.751040860e-03     2.486911736e-02
71.7595251500000018     2.745269783e+02     1.874754929e+01     3.487072061e-01     4.350488233e+00     -1.681740808e-01     7.230018878e-06     6.099999951e-01     1.950679421e+00     9.143076989e+00     -2.751042901e-03     -5.118183597e-02
76.5434934885493590     2.945506704e+02     2.539983011e+01     3.454761183e-01     4.467334729e+00     -6.398324379e-02     -1.358036781e-03     6.100000000e-01     1.561569918e+00     9.548229578e+00     2.751044939e-03     -1.114904372e-01
81.3274618414506421     3.148060708e+02     3.246026465e+01     3.369865445e-01     4.500000000e+00     1.183450486e-02     -2.191148266e-03     6.099999963e-01     9.567853437e-01     1.034788373e+01     -2.751046499e-03     -1.413475965e-01
86.1114301799999993     3.350106663e+02     3.961375501e+01     3.252556199e-01     4.460020665e+00     7.000603533e-02     -2.713125519e-03     6.100000000e-01     3.791254087e-01     1.107366388e+01     2.751048056e-03     -1.001506301e-01
90.8953985185493565     3.549559300e+02     4.667418691e+01     3.111818700e-01     4.383074640e+00     1.240984441e-01     -3.170596740e-03     6.099999974e-01     1.721000260e-02     1.137756794e+01     -2.751049155e-03     -5.115279846e-02
95.6793668714506254     3.745709658e+02     5.354580668e+01     2.951869050e-01     4.300851295e+00     1.687031391e-01     -3.516314400e-03     6.100000000e-01     -2.165420980e-01     1.149273466e+01     2.751050249e-03     -4.657029824e-02
100.4633352099999968     3.938762720e+02     6.016361507e+01     2.777934759e-01     4.222868022e+00     2.038143300e-01     -3.755242807e-03     6.099999982e-01     -4.365532092e-01     1.159599840e+01     -2.751051006e-03     -4.540819972e-02
105.2473035485493540     4.128834411e+02     6.648409579e+01     2.593651062e-01     4.139699692e+00     2.344480825e-01     -3.948984736e-03     6.100000000e-01     -6.810357109e-01     1.172755030e+01     2.751051760e-03     -5.680088044e-02
110.0312719014506513     4.315391982e+02     7.245955849e+01     2.401935609e-01     4.035213765e+00     2.572629894e-01     -4.065937021e-03     6.099999997e-01     -9.845997236e-01     1.193293995e+01     -2.751051885e-03     -7.010799149e-02
114.8152402400000085     4.497150666e+02     7.800697197e+01     2.209459732e-01     3.892675470e+00     2.626455318e-01     -3.980775199e-03     4.152345299e-01     -1.330624104e+00     1.235134979e+01     -7.867317828e-02     -7.455198747e-02
119.5992085785493799     4.672198176e+02     8.299003239e+01     2.032389406e-01     3.700537458e+00     2.317249681e-01     -3.421888035e-03     -6.961995959e-02     -1.650924564e+00     1.311682662e+01     -1.240265282e-01     -5.935377325e-02
124.3831769314506488     4.838393487e+02     8.726300626e+01     1.893457490e-01     3.463096258e+00     1.636027597e-01     -2.386349495e-03     -4.975052142e-01     -1.814939825e+00     1.368624952e+01     -5.485645088e-02     -9.214933279e-03
129.1671452700000202     4.994633984e+02     9.079999722e+01     1.805379433e-01     3.229666139e+00     8.770519432e-02     -1.295876532e-03     -6.099999996e-01     -1.641051794e+00     1.396517741e+01     7.826547107e-03     8.191107946e-02
133.9511136085493774     5.142612418e+02     9.376067492e+01     1.762327437e-01     3.078355703e+00     3.235286088e-02     -5.039765928e-04     -6.099999998e-01     -1.000357930e+00     1.498209329e+01     -7.826547220e-03     1.859392980e-01
138.7350819614506463     5.285994241e+02     9.639674568e+01     1.747800721e-01     3.016269906e+00     6.077273550e-03     -1.033402243e-04     -3.143604884e-01     2.341304713e-02     1.763242760e+01     1.314224785e-01     2.420614344e-01
143.5190503000000035     5.427687799e+02     9.891175690e+01     1.745329252e-01     3.000000000e+00     0.000000000e+00     0.000000000e+00     0.000000000e+00     6.024201667e-01     1.944972904e+01     0.000000000e+00     0.000000000e+00
