08 0
31 0
0.0000000000000000     2.496391144e-10     7.739165105e-11     0.000000000e+00     3.000000000e+00     0.000000000e+00     0.000000000e+00     0.000000000e+00     6.024201667e-01     0.000000000e+00     0.000000000e+00     0.000000000e+00
15.9476345450719013     4.937127228e+01     3.923507039e-01     -9.307589157e-03     3.191077176e+00     7.890910198e-02     -1.167268927e-03     4.169848158e-01     1.556802743e+00     1.427013442e+00     5.229425265e-02     1.196895468e-01
31.8952690949280964     1.051883718e+02     1.837018730e+00     -5.901537244e-02     3.793960250e+00     3.563640132e-01     -5.066606458e-03     6.099999946e-01     2.349999910e+00     3.072943089e+00     -2.808813245e-02     -2.021433423e-02
47.8429036400000030     1.706385420e+02     2.204651004e+00     -1.685058380e-01     4.351845533e+00     6.532314169e-01     -8.664641918e-03     6.099999680e-01     1.883046524e+00     3.565522939e+00     2.808812912e-02     -3.834649931e-02
63.7905381707190244     2.417914638e+02     -3.577652378e+00     -3.137954593e-01     4.499999959e+00     7.882141521e-01     -9.556194636e-03     6.099999929e-01     1.528134474e+00     3.952304129e+00     -2.808812600e-02     -6.163180154e-03
79.7381727492809631     3.129494247e+02     -1.877817005e+01     -4.665686379e-01     4.499997614e+00     8.478163980e-01     -9.603158199e-03     6.099999444e-01     1.542011163e+00     4.198872994e+00     2.808811991e-02     7.903461991e-03
95.6858072800000059     3.813466169e+02     -4.398240744e+01     -6.202725410e-01     4.499999381e+00     8.870253836e-01     -9.672917217e-03     6.099999926e-01     1.576572109e+00     4.447026183e+00     -2.808811387e-02     -3.569158198e-03
111.6334418107190203     4.453818869e+02     -7.899379702e+01     -7.750703923e-01     4.499999948e+00     9.127181804e-01     -9.740350734e-03     6.099999631e-01     1.576123456e+00     4.693726964e+00     2.808811018e-02     3.512892478e-03
127.5810763892809661     5.034754401e+02     -1.232542873e+02     -9.308131296e-01     4.499103897e+00     9.292943908e-01     -9.791415788e-03     6.099999921e-01     1.596365507e+00     4.940989978e+00     -2.808810654e-02     -9.743278428e-04
143.5287109199999804     5.541636318e+02     -1.758878456e+02     -1.087331245e+00     4.499999951e+00     9.406348028e-01     -9.837591205e-03     6.099999716e-01     1.598250966e+00     5.189066122e+00     2.808810396e-02     1.210784043e-03
159.4763454507190090     5.961469609e+02     -2.357361979e+02     -1.244451414e+00     4.499999298e+00     9.479019558e-01     -9.866919726e-03     6.099999916e-01     1.604472992e+00     5.437702104e+00     -2.808810145e-02     -4.304769878e-04
175.4239800292809548     6.283273068e+02     -3.013970385e+02     -1.401969124e+00     4.499999928e+00     9.526824523e-01     -9.887446867e-03     6.099999763e-01     1.605416789e+00     5.686794353e+00     2.808809952e-02     5.488390814e-04
191.3716145600000118     6.498620060e+02     -3.712885490e+02     -1.559762976e+00     4.499999900e+00     9.558291669e-01     -9.901550844e-03     6.099999910e-01     1.609242439e+00     5.936238850e+00     -2.808809768e-02     -6.906257433e-05
207.3192490907190120     6.601809486e+02     -4.436982865e+02     -1.717745685e+00     4.499999827e+00     9.579018059e-01     -9.911131564e-03     6.099999790e-01     1.608593220e+00     6.185903541e+00     2.808809617e-02     -1.235638775e-05
223.2668836692809577     6.590014918e+02     -5.168349681e+02     -1.875856282e+00     4.499999947e+00     9.592676479e-01     -9.917589300e-03     6.099999900e-01     1.611348900e+00     6.435740340e+00     -2.808809479e-02     3.579475672e-04
239.2145181999999863     6.463388823e+02     -5.888679185e+02     -2.034001417e+00     4.498544300e+00     9.597376291e-01     -9.915463023e-03     6.099999801e-01     1.604344466e+00     6.685372453e+00     2.808809353e-02     -1.236376866e-03
255.1621527307190149     6.224963617e+02     -6.580123963e+02     -2.192214813e+00     4.499999960e+00     9.607900678e-01     -9.926149944e-03     6.099999885e-01     1.622145075e+00     6.936788855e+00     -2.808809247e-02     3.468759287e-03
271.1097873092809323     5.880823199e+02     -7.225178719e+02     -2.350345720e+00     4.494942537e+00     9.596847715e-01     -9.905117940e-03     6.099999787e-01     1.580945750e+00     7.192246792e+00     2.808809124e-02     -8.635585161e-03
287.0574218399999609     5.439365609e+02     -7.807987829e+02     -2.508533464e+00     4.499999925e+00     9.615397527e-01     -9.933277976e-03     6.099999856e-01     1.656357303e+00     7.475531202e+00     -2.808809037e-02     1.809298188e-02
303.0050563707189895     4.911328900e+02     -8.314285998e+02     -2.666936501e+00     4.499999971e+00     9.617007890e-01     -9.932117924e-03     6.099999723e-01     1.566349157e+00     7.820603482e+00     2.808808869e-02     -2.938094385e-02
318.9526909492809068     4.323305566e+02     -8.724657241e+02     -2.819445277e+00     4.322799459e+00     9.127922432e-01     -9.194076123e-03     6.099999564e-01     7.703343628e-01     8.483869428e+00     -2.808809069e-02     -7.044762846e-02
334.9003254799999354     3.721624111e+02     -9.025943589e+02     -2.957296304e+00     3.953988863e+00     8.335206911e-01     -8.093882996e-03     6.099999207e-01     1.119824299e-01     9.031618578e+00     2.808808621e-02     -1.211658268e-02
350.8479600107189640     3.140835436e+02     -9.227200810e+02     -3.078302843e+00     3.604288846e+00     7.535289926e-01     -7.081601249e-03     4.174145330e-01     2.498021459e-01     9.394561139e+00     -5.224030602e-02     2.940061504e-02
366.7955945892809950     2.579026640e+02     -9.344471040e+02     -3.175465396e+00     3.477631585e+00     6.088320242e-01     -5.103598113e-03     -2.496862761e-01     1.054858278e+00     1.019627782e+01     -3.142110555e-02     7.156183547e-02
382.7432291200000236     2.013452272e+02     -9.388422550e+02     -3.232695351e+00     3.576219602e+00     3.874489711e-01     -2.073636271e-03     -6.099999399e-01     1.286647689e+00     1.090865844e+01     -1.376599264e-02     -4.249302138e-02
398.6908636507190522     1.438833872e+02     -9.378415552e+02     -3.247686479e+00     3.609076307e+00     1.973045022e-01     1.935922531e-04     -6.099996966e-01     4.930283919e-01     1.138766400e+01     1.376602316e-02     -5.703513060e-02
414.6384982292809696     8.743447224e+01     -9.342255143e+02     -3.234292138e+00     3.479471480e+00     5.481718792e-02     1.486198038e-03     -6.099999538e-01     -2.066948809e-02     1.168745133e+01     -1.376605541e-02     -7.387950905e-03
430.5861327599999981     3.334177973e+01     -9.299518449e+02     -3.203227478e+00     3.324425311e+00     -6.381167366e-02     2.409634910e-03     -4.781600067e-01     8.279134718e-02     1.181335971e+01     3.030016231e-02     2.036302065e-02
446.5337672907190267     -1.845389585e+01     -9.264298933e+02     -3.168077005e+00     3.185008195e+00     -8.891652616e-02     1.998601631e-03     4.917239157e-01     -4.968847100e-02     1.269404137e+01     9.133341527e-02     -3.697737406e-02
462.4814018692809441     -6.821554648e+01     -9.246411432e+02     -3.146866587e+00     3.059321248e+00     -3.496549247e-02     6.614063872e-04     6.099999399e-01     1.289404358e-01     1.421648671e+01     -7.650036600e-02     5.937930536e-02
478.4290363999999727     -1.165296572e+02     -9.242336844e+02     -3.141592654e+00     3.000000000e+00     0.000000000e+00     0.000000000e+00     0.000000000e+00     6.024201667e-01     1.497336691e+01     0.000000000e+00     0.000000000e+00
