07 0
31 0
0.0000000000000000     2.496391144e-10     7.739165105e-11     0.000000000e+00     3.000000000e+00     0.000000000e+00     0.000000000e+00     0.000000000e+00     6.024201667e-01     0.000000000e+00     0.000000000e+00     0.000000000e+00
18.3333202515000018     5.532039754e+01     -1.385660838e-01     3.388152509e-03     3.034888129e+00     -2.539910079e-02     3.696169011e-04     -2.345836502e-01     8.243902576e-01     1.424516654e-01     -2.559096191e-02     2.421493629e-02
36.6666405084999951     1.136087097e+02     -1.036320440e+00     3.088568953e-02     3.319629979e+00     -1.854217910e-01     2.630116550e-03     -5.341892475e-01     1.707789491e+00     8.370009809e-01     -7.093308386e-03     7.215595791e-02
54.9999607600000004     1.810287586e+02     -2.232054524e+00     1.221911597e-01     3.995285813e+00     -5.386138301e-01     7.330487298e-03     -6.099999987e-01     2.349999163e+00     1.551477133e+00     -1.176961285e-03     -2.096670925e-03
73.3332809950000097     2.596970456e+02     1.662539976e+00     2.851504301e-01     4.499999509e+00     -8.267545236e-01     1.044690034e-02     -6.099999983e-01     1.790607321e+00     2.110487520e+00     1.176961326e-03     -5.892793717e-02
91.6666012849999845     3.418237523e+02     1.759023170e+01     4.738221697e-01     4.499999976e+00     -8.858188535e-01     1.013548593e-02     -5.661920253e-01     1.307995474e+00     2.568951624e+00     3.602093685e-03     6.279334388e-03
109.9999215200000009     4.193653903e+02     4.743016501e+01     6.532304193e-01     4.426279359e+00     -8.813535314e-01     9.436337081e-03     -5.513201844e-01     1.533134993e+00     2.716437588e+00     -1.979709881e-03     1.828135800e-02
128.3332417550000173     4.903526817e+02     9.016812143e+01     8.285423041e-01     4.465785727e+00     -9.156130432e-01     9.688609455e-03     -6.099999847e-01     1.676027323e+00     2.891777726e+00     -4.421727438e-03     -2.693092722e-03
146.6665620449999778     5.535601079e+02     1.449366256e+02     1.009738739e+00     4.499999212e+00     -9.538086238e-01     1.007828842e-02     -6.099999939e-01     1.613281537e+00     3.046430089e+00     4.421726431e-03     -4.151906972e-03
164.9998822799999800     6.062374534e+02     2.103294700e+02     1.192625893e+00     4.499999992e+00     -9.503272371e-01     9.873051705e-03     -5.332991469e-01     1.569467454e+00     3.190578009e+00     3.945644666e-03     -6.278145504e-04
183.3332025150000106     6.461721049e+02     2.841785224e+02     1.371697399e+00     4.499999209e+00     -9.403777386e-01     9.662035662e-03     -5.832275408e-01     1.579815690e+00     3.336784300e+00     -9.392382437e-03     1.756713780e-03
201.6665228049999712     6.723534594e+02     3.639731940e+02     1.550545982e+00     4.499998287e+00     -9.533867501e-01     9.848732740e-03     -6.099999883e-01     1.605636128e+00     3.488627795e+00     6.471749725e-03     1.060063333e-03
219.9998430400000018     6.839686242e+02     4.471473365e+02     1.730385537e+00     4.499998507e+00     -9.499766114e-01     9.770141783e-03     -5.367626516e-01     1.566644656e+00     3.633761601e+00     1.517783610e-03     -5.313681582e-03
238.3331632750000040     6.804157252e+02     5.309747250e+02     1.904402500e+00     4.499997485e+00     -9.135120370e-01     9.213540454e-03     -4.762440784e-01     1.506545183e+00     3.768983472e+00     5.084247265e-03     -1.242629239e-03
256.6664835649999645     6.621831654e+02     6.127772001e+02     2.069106593e+00     4.499999872e+00     -8.790140242e-01     8.754191613e-03     -4.947222946e-01     1.482468339e+00     3.899144269e+00     -7.100054106e-03     -1.383937357e-03
274.9998037999999951     6.306683383e+02     6.903440302e+02     2.230216533e+00     4.493388883e+00     -8.775262186e-01     8.821450782e-03     -5.697322251e-01     1.495015031e+00     4.026644307e+00     -1.082853240e-03     2.752668299e-03
293.3331240350000257     5.871149420e+02     7.619163937e+02     2.396737797e+00     4.499999990e+00     -9.093527276e-01     9.344518213e-03     -6.099999971e-01     1.606932668e+00     4.169123786e+00     -3.309997749e-03     9.456537187e-03
311.6664443249999863     5.323339289e+02     8.254449270e+02     2.569403793e+00     4.499998364e+00     -9.216215471e-01     9.491785734e-03     -5.371452325e-01     1.505139739e+00     4.362007523e+00     1.125779592e-02     -2.056122829e-02
329.9997645599999601     4.685612673e+02     8.779820049e+02     2.734789056e+00     4.370139892e+00     -8.609730898e-01     8.550255832e-03     -4.565279759e-01     9.978603088e-01     4.613490872e+00     -2.463179832e-03     -3.477838537e-02
348.3330847949999907     4.005065658e+02     9.175395297e+02     2.878279113e+00     4.089364752e+00     -7.572153632e-01     7.103216067e-03     -3.653393046e-01     4.768820123e-01     4.817268619e+00     1.241104198e-02     -2.205565116e-02
366.6664050849999512     3.327882093e+02     9.449272918e+02     2.996664515e+00     3.770202497e+00     -6.546217363e-01     5.811564337e-03     -2.646099897e-01     1.807277299e-01     4.892952082e+00     -1.422381610e-03     -1.025211179e-02
384.9997253199999818     2.677910629e+02     9.625665378e+02     3.093930089e+00     3.485421395e+00     -5.666084916e-01     4.799233030e-03     -2.321423215e-01     6.348778406e-02     4.906630690e+00     4.964311581e-03     -2.537709605e-03
403.3330455549999556     2.061799766e+02     9.727986449e+02     3.174474319e+00     3.252349951e+00     -4.913934361e-01     3.987416524e-03     -1.428856322e-01     7.834634986e-02     4.913433164e+00     4.772788748e-03     4.158645213e-03
421.6663658450000298     1.477321435e+02     9.774363406e+02     3.242602647e+00     3.081261238e+00     -4.346510818e-01     3.444769999e-03     -2.348145601e-01     3.272401228e-01     4.988766629e+00     -1.480140622e-02     2.299342212e-02
439.9996860800000036     8.995540767e+01     9.774217161e+02     3.301958889e+00     3.172251446e+00     -3.882036084e-01     3.030461020e-03     -6.141632813e-02     1.387335090e+00     6.004326237e+00     3.371759048e-02     9.265338406e-02
458.3330063150000342     2.537736809e+01     9.711431097e+02     3.331051594e+00     3.888199074e+00     -1.737463975e-01     1.432909815e-04     3.417431827e-01     2.349999356e+00     7.123933558e+00     1.026347845e-02     1.236461085e-02
476.6663266049999947     -5.046882966e+01     9.582993398e+02     3.301187095e+00     4.499999979e+00     1.259929472e-01     -3.401238748e-03     4.670572493e-01     1.253184543e+00     8.941340215e+00     3.407156740e-03     -1.320172213e-01
494.9996468400000253     -1.306600184e+02     9.446161991e+02     3.232084464e+00     4.366675045e+00     2.596384431e-01     -4.137235446e-03     3.642287259e-01     -7.882914471e-01     1.137382094e+01     -1.462482184e-02     -9.068940918e-02
513.3329670750000560     -2.040683443e+02     9.360271026e+02     3.171966176e+00     3.689761660e+00     1.718330754e-01     -2.421127857e-03     -7.840482582e-03     -1.819042871e+00     1.236061606e+01     -2.596457532e-02     -2.175628098e-02
531.6662873650000165     -2.662461272e+02     9.330253546e+02     3.145682587e+00     3.100346901e+00     3.097608884e-02     -4.461748631e-04     -1.229244599e-01     -7.080275691e-01     1.446045846e+01     1.340995065e-02     1.429580368e-01
549.9996075999999903     -3.221645349e+02     9.326251748e+02     3.141592654e+00     3.000000000e+00     0.000000000e+00     0.000000000e+00     0.000000000e+00     6.024201667e-01     1.637409877e+01     0.000000000e+00     0.000000000e+00
