03 0
31 0
0.0000000000000000     2.496391144e-10     7.739165105e-11     0.000000000e+00     3.000000000e+00     0.000000000e+00     0.000000000e+00     0.000000000e+00     6.024201667e-01     0.000000000e+00     0.000000000e+00     0.000000000e+00
7.3230623126010270     2.224032898e+01     -8.611278774e-02     1.609596158e-03     3.074009709e+00     -2.846619433e-02     4.395964499e-04     -3.323011286e-01     1.421576030e+00     2.160375084e+00     -9.075469100e-02     2.237194846e-01
14.6461246273989723     4.579163250e+01     -6.128233098e-01     1.218685443e-02     3.356324189e+00     -1.612455497e-01     2.449156312e-03     -6.100000000e-01     2.349999998e+00     4.418176674e+00     1.491241094e-02     2.984218917e-02
21.9691869400000002     7.187333923e+01     -1.824484482e+00     4.076845552e-02     3.753418070e+00     -3.638659883e-01     5.356758713e-03     -6.100000000e-01     2.350000000e+00     4.621002523e+00     -1.491241094e-02     -2.984218862e-02
29.2922492460102717     1.007738404e+02     -3.257300057e+00     8.857759984e-02     4.095709476e+00     -5.451822312e-01     7.700386575e-03     -6.100000000e-01     2.285535216e+00     4.793420099e+00     1.491241094e-02     1.223622498e-02
36.6153115739897288     1.320099215e+02     -4.016248087e+00     1.508337096e-01     4.349019428e+00     -6.878491087e-01     9.302366406e-03     -6.100000000e-01     2.102788062e+00     5.062552147e+00     -1.491241094e-02     -6.214626137e-02
43.9383738800000003     1.647398322e+02     -3.286770159e+00     2.215965750e-01     4.474569994e+00     -7.766729343e-01     1.002366477e-02     -6.100000000e-01     1.714160535e+00     5.371959162e+00     1.491241094e-02     -4.399172040e-02
51.2614361860102719     1.979881202e+02     -5.450073046e-01     2.953928408e-01     4.500000000e+00     -8.226205436e-01     1.013081778e-02     -6.100000000e-01     1.553337235e+00     5.517885720e+00     -1.491241094e-02     6.930274468e-05
58.5844985139897290     2.311215558e+02     4.406769601e+00     3.694933294e-01     4.499999954e+00     -8.533891673e-01     1.010675100e-02     -6.100000000e-01     1.571363698e+00     5.588660821e+00     1.491241094e-02     4.853900902e-03
65.9075608200000005     2.638785616e+02     1.160699803e+01     4.434822579e-01     4.500000000e+00     -8.788026394e-01     1.010034959e-02     -6.100000000e-01     1.578047885e+00     5.660621521e+00     -1.491241094e-02     -3.028383917e-03
73.2306231260102720     2.960915561e+02     2.105826842e+01     5.174694836e-01     4.499999995e+00     -8.997401479e-01     1.010628598e-02     -6.100000000e-01     1.592436851e+00     5.734224671e+00     1.491241094e-02     6.958151352e-03
80.5536854539897291     3.275904314e+02     3.274697298e+01     5.915288396e-01     4.500000000e+00     -9.169732360e-01     1.012004908e-02     -6.100000000e-01     1.596088347e+00     5.809422050e+00     -1.491241094e-02     -5.960892081e-03
87.8767477600000007     3.580901916e+02     4.659109515e+01     6.650870044e-01     4.467295773e+00     -9.202300585e-01     9.969405751e-03     -6.100000000e-01     1.324717541e+00     6.044340541e+00     1.491241094e-02     -6.815313136e-02
95.1998100660102722     3.870765034e+02     6.232027448e+01     7.362651336e-01     4.360135503e+00     -8.973826143e-01     9.470038065e-03     -6.100000000e-01     7.941862699e-01     6.472532545e+00     -1.491241093e-02     -7.674015203e-02
102.5228723939897293     4.140479856e+02     7.946781620e+01     8.033518443e-01     4.194565278e+00     -8.621802552e-01     8.851999287e-03     -6.100000000e-01     4.324429734e-01     6.731240844e+00     1.491241093e-02     -2.205548319e-02
109.8459347000000008     4.388273101e+02     9.762914482e+01     8.655533942e-01     4.030786588e+00     -8.166801295e-01     8.135852860e-03     -3.456447586e-01     4.355803400e-01     6.900713330e+00     5.728559315e-02     2.291232872e-02
117.1689970060102723     4.615178509e+02     1.167287651e+02     9.207989442e-01     3.923405349e+00     -7.385253125e-01     6.952247601e-03     1.720816109e-01     7.812628129e-01     7.495091173e+00     8.411054618e-02     7.149693838e-02
124.4920593339897295     4.823935727e+02     1.370460057e+02     9.650287227e-01     3.920910499e+00     -6.161448930e-01     5.127337854e-03     5.412573610e-01     1.403123525e+00     8.333953238e+00     1.671496490e-02     9.833930924e-02
131.8151216400000010     5.019286310e+02     1.591707752e+02     9.934362136e-01     4.073249196e+00     -4.450716569e-01     2.631025979e-03     6.100000000e-01     1.966873347e+00     8.875850261e+00     2.059322696e-03     5.562628536e-02
139.1381839460102583     5.207241753e+02     1.836434334e+02     1.002747108e+00     4.326757823e+00     -2.483370217e-01     -8.812950912e-05     6.100000000e-01     2.025896110e+00     9.134185554e+00     -2.059322694e-03     -3.950659098e-02
146.4612462739897296     5.392432034e+02     2.101615311e+02     9.947996005e-01     4.500000000e+00     -8.302111284e-02     -2.082412677e-03     6.100000000e-01     1.419345634e+00     9.841530407e+00     2.059322694e-03     -1.261482813e-01
153.7843085799999869     5.576182188e+02     2.375204199e+02     9.758149657e-01     4.500000000e+00     2.954546031e-02     -3.102476914e-03     6.100000000e-01     5.755280608e-01     1.084865143e+01     -2.059322699e-03     -1.043065577e-01
161.1073708860102727     5.757597745e+02     2.645692639e+02     9.508216757e-01     4.393335988e+00     1.175918412e-01     -3.723435252e-03     6.100000000e-01     2.937073358e-02     1.132464613e+01     2.059322705e-03     -4.485435444e-02
168.4304332139897440     5.936472936e+02     2.907760072e+02     9.219735189e-01     4.266714516e+00     1.879849525e-01     -4.155278753e-03     6.100000000e-01     -2.681367005e-01     1.144793081e+01     -2.059322710e-03     -3.639783799e-02
175.7534955200000013     6.113985898e+02     3.159868187e+02     8.906609411e-01     4.143444779e+00     2.393919764e-01     -4.396492768e-03     6.100000000e-01     -5.578699427e-01     1.156781556e+01     2.059322714e-03     -4.273114653e-02
183.0765578260102870     6.290591872e+02     3.400496997e+02     8.582021020e-01     3.992642614e+00     2.732829097e-01     -4.468333939e-03     5.381243348e-01     -9.558196273e-01     1.182477567e+01     -2.168927045e-02     -6.595280772e-02
190.3996201539897299     6.465058880e+02     3.625526482e+02     8.275524744e-01     3.766890765e+00     2.549518244e-01     -3.902379366e-03     5.092672786e-02     -1.454362580e+00     1.266914452e+01     -1.113691650e-01     -7.020415266e-02
197.7226824600000157     6.634633272e+02     3.828572827e+02     8.040727469e-01     3.446918137e+00     1.685973368e-01     -2.510164052e-03     -4.315635757e-01     -1.745537516e+00     1.337887670e+01     -2.040365983e-02     -9.318572485e-03
205.0457447660102730     6.797171707e+02     4.007745746e+02     7.909960069e-01     3.156330000e+00     7.064006035e-02     -1.061221667e-03     -6.100000000e-01     -1.307713956e+00     1.408723857e+01     -2.832907429e-02     1.288924723e-01
212.3688070939897443     6.954426875e+02     4.170485913e+02     7.862542370e-01     3.023807851e+00     1.502898536e-02     -2.338021056e-04     -3.568638941e-01     -1.166749930e-01     1.650391337e+01     9.746302267e-02     1.963919270e-01
219.6918694000000016     7.109932396e+02     4.326903705e+02     7.853981634e-01     3.000000000e+00     0.000000000e+00     0.000000000e+00     0.000000000e+00     6.024201667e-01     1.826810450e+01     0.000000000e+00     0.000000000e+00
