05 0
31 0
0.0000000000000000     2.496391144e-10     7.739165105e-11     0.000000000e+00     3.000000000e+00     0.000000000e+00     0.000000000e+00     0.000000000e+00     6.024201667e-01     0.000000000e+00     0.000000000e+00     0.000000000e+00
10.4202975189579714     3.178517814e+01     -1.609765534e-01     3.230358404e-03     3.100511772e+00     -4.091268898e-02     6.200126973e-04     -3.451388667e-01     1.401386335e+00     1.490200146e+00     -6.624357202e-02     1.533480528e-01
20.8405950410420324     6.614450709e+01     -1.073045228e+00     2.407860007e-02     3.489581076e+00     -2.282417084e-01     3.381454934e-03     -6.099999999e-01     2.349999998e+00     3.116398149e+00     1.540795343e-02     2.872230794e-02
31.2608925600000020     1.054488699e+02     -2.786513805e+00     7.899168271e-02     4.022539911e+00     -5.036994012e-01     7.158183209e-03     -6.099999998e-01     2.349999998e+00     3.399738758e+00     -1.540795340e-02     -2.872230802e-02
41.6811900695797064     1.496522569e+02     -3.615652897e+00     1.655081945e-01     4.377966347e+00     -7.053518717e-01     9.447199051e-03     -6.099999999e-01     1.990483599e+00     3.700243095e+00     1.540795338e-02     -4.028078894e-02
52.1014876104202997     1.964800056e+02     -1.343253767e+00     2.675306706e-01     4.499999861e+00     -8.077363512e-01     1.013429099e-02     -6.099999994e-01     1.607081676e+00     3.969613206e+00     -1.540795328e-02     -3.330673026e-02
62.5217851200000041     2.436582996e+02     5.197488067e+00     3.729397846e-01     4.500000000e+00     -8.534534572e-01     1.009720696e-02     -6.099999998e-01     1.509129443e+00     4.139080243e+00     1.540795320e-02     1.450645451e-02
72.9420826295797013     2.900262133e+02     1.626935654e+01     4.779800830e-01     4.493912364e+00     -8.862116472e-01     1.006350307e-02     -6.099999994e-01     1.607031781e+00     4.251702909e+00     -1.540795311e-02     4.284244717e-03
83.3623801704203089     3.351354122e+02     3.187133580e+01     5.831246757e-01     4.499999988e+00     -9.147332458e-01     1.011722448e-02     -6.099999998e-01     1.603364032e+00     4.359242363e+00     1.540795302e-02     -4.988207137e-03
93.7826776800000061     3.785279059e+02     5.194315530e+01     6.886840338e-01     4.500000000e+00     -9.347287989e-01     1.014311029e-02     -6.099999994e-01     1.601179904e+00     4.466619718e+00     -1.540795294e-02     4.569000566e-03
104.2029751895797034     4.196821651e+02     7.634477366e+01     7.945253777e-01     4.499867958e+00     -9.498356066e-01     1.017134690e-02     -6.099999998e-01     1.620351120e+00     4.573597835e+00     1.540795286e-02     -8.894095537e-04
114.6232727304202967     4.581269403e+02     1.048705645e+02     9.006635990e-01     4.500000000e+00     -9.613774773e-01     1.020009089e-02     -6.099999993e-01     1.616613524e+00     4.680266078e+00     -1.540795277e-02     1.720412601e-04
125.0435702400000082     4.934145895e+02     1.372522099e+02     1.007082192e+00     4.499999820e+00     -9.701106247e-01     1.022515955e-02     -6.099999997e-01     1.630692256e+00     4.787752124e+00     1.540795269e-02     2.530133224e-03
135.4638677495797197     5.251280567e+02     1.731628742e+02     1.113743609e+00     4.499999999e+00     -9.767537031e-01     1.024669683e-02     -6.099999989e-01     1.625201272e+00     4.896341037e+00     -1.540795254e-02     -3.584034697e-03
145.8841652904202988     5.528785188e+02     2.122056381e+02     1.220506186e+00     4.496045693e+00     -9.804944813e-01     1.024457542e-02     -6.099999995e-01     1.614950717e+00     5.003934001e+00     1.540795242e-02     1.616613814e-03
156.3044628000000102     5.763492761e+02     2.539725463e+02     1.327455726e+00     4.499999999e+00     -9.857371260e-01     1.028258132e-02     -6.099999943e-01     1.670517239e+00     5.117457861e+00     -1.540795141e-02     9.048441105e-03
166.7247603095797217     5.952683854e+02     2.980196645e+02     1.434660583e+00     4.499999943e+00     -9.886768673e-01     1.029357918e-02     -6.099999986e-01     1.600699363e+00     5.256385729e+00     1.540795058e-02     -2.244880241e-02
177.1450578504203008     6.092962498e+02     3.435119710e+02     1.539958457e+00     4.439180598e+00     -9.657476743e-01     9.916568119e-03     -5.691405589e-01     1.271976384e+00     5.449399260e+00     -7.565671466e-03     -4.064401777e-02
187.5653553600000123     6.180787825e+02     3.894403556e+02     1.635391988e+00     4.361025949e+00     -8.668123250e-01     8.400285212e-03     -3.934514976e-02     1.182298535e+00     6.236064617e+00     1.092509464e-01     2.343187006e-02
197.9856528695796953     6.214242532e+02     4.355321816e+02     1.706909850e+00     4.389656121e+00     -6.603656770e-01     5.326359651e-03     6.016918161e-01     1.561326115e+00     7.083109491e+00     1.378526444e-02     4.931606793e-02
208.4059504104203029     6.198331640e+02     4.821311030e+02     1.745271676e+00     4.499999173e+00     -4.236004958e-01     2.036544522e-03     6.099999497e-01     1.471802327e+00     7.529826135e+00     -1.219065803e-02     -6.649864581e-02
218.8262479200000143     6.148901519e+02     5.288863915e+02     1.755726124e+00     4.499999995e+00     -2.469237163e-01     -2.998983614e-05     6.099998467e-01     5.497283335e-01     8.450207922e+00     1.219063827e-02     -1.104778734e-01
229.2465454295796974     6.084526398e+02     5.746511014e+02     1.749596636e+00     4.362046183e+00     -1.269741560e-01     -1.146461917e-03     6.099999809e-01     -1.882577574e-01     9.157495971e+00     -1.219061252e-02     -3.116608444e-02
239.6668429704203334     6.016654362e+02     6.187964778e+02     1.733429677e+00     4.208551622e+00     -2.998042192e-02     -1.956512464e-03     6.099999972e-01     -3.396108641e-01     9.226179131e+00     1.219061563e-02     2.116413484e-03
250.0871404800000164     5.950449871e+02     6.613964601e+02     1.709544694e+00     4.065443820e+00     5.711379310e-02     -2.627806385e-03     6.099999961e-01     -3.324822031e-01     9.245457895e+00     -1.219061584e-02     -7.481874932e-04
260.5074379895797279     5.889169278e+02     7.025907300e+02     1.679386611e+00     3.925570885e+00     1.326868632e-01     -3.160528057e-03     6.099999990e-01     -4.134231788e-01     9.276764446e+00     1.219061639e-02     -1.478706483e-02
270.9277355304203070     5.835771031e+02     7.423501624e+02     1.644720971e+00     3.767390913e+00     1.898111854e-01     -3.492955521e-03     5.670553745e-01     -7.431580436e-01     9.451512128e+00     -2.043311128e-02     -4.849996972e-02
281.3480330400000184     5.794331215e+02     7.801521363e+02     1.610212978e+00     3.522557720e+00     1.891604682e-01     -3.130270689e-03     1.602262645e-01     -1.292694991e+00     9.972863568e+00     -5.765086078e-02     -5.697435989e-02
291.7683305495797299     5.769196403e+02     8.152146054e+02     1.584653701e+00     3.219114217e+00     1.099987210e-01     -1.775400502e-03     -6.099999989e-01     -1.256139444e+00     1.100300363e+01     -9.018105314e-02     6.399057923e-02
302.1886280904203090     5.759372398e+02     8.477947648e+02     1.573099964e+00     3.036000233e+00     2.696621180e-02     -4.421441356e-04     -5.399283519e-01     -1.601594201e-01     1.334080654e+01     1.036301218e-01     1.463642637e-01
312.6089256000000205     5.757603033e+02     8.792428583e+02     1.570796327e+00     3.000000000e+00     0.000000000e+00     0.000000000e+00     0.000000000e+00     6.024201667e-01     1.502255231e+01     0.000000000e+00     0.000000000e+00
