06 0
31 0
0.0000000000000000     2.496391144e-10     7.739165105e-11     0.000000000e+00     3.000000000e+00     0.000000000e+00     0.000000000e+00     0.000000000e+00     6.024201667e-01     0.000000000e+00     0.000000000e+00     0.000000000e+00
8.9191103791080888     2.714424296e+01     1.083186916e-01     -2.120213557e-03     3.086701746e+00     3.083365574e-02     -4.754316197e-04     3.336224027e-01     1.401434611e+00     1.712303278e+00     7.481069006e-02     1.791690896e-01
17.8382207608919110     5.619360659e+01     7.661109987e-01     -1.629503480e-02     3.424737044e+00     1.790401597e-01     -2.703096420e-03     6.100000000e-01     2.350000000e+00     3.551134798e+00     -1.283643768e-02     3.353494682e-02
26.7573311400000051     8.893644044e+01     2.170065144e+00     -5.459496190e-02     3.898686498e+00     4.049529460e-01     -5.885187713e-03     6.100000000e-01     2.350000000e+00     3.813901787e+00     1.283643768e-02     -3.353494682e-02
35.6764415110808883     1.255556168e+02     3.416821596e+00     -1.170682896e-01     4.256739741e+00     5.891875646e-01     -8.123682015e-03     6.100000000e-01     2.098631951e+00     4.034802437e+00     -1.283643768e-02     -2.283122387e-02
44.5955519089191128     1.647759304e+02     3.078126488e+00     -1.944364431e-01     4.445155999e+00     7.083002260e-01     -9.225167857e-03     6.100000000e-01     1.779800604e+00     4.279652169e+00     1.283643768e-02     -4.866275555e-02
53.5146622800000102     2.050806692e+02     1.570011890e-01     -2.780989468e-01     4.500000000e+00     7.739994165e-01     -9.535112065e-03     6.100000000e-01     1.525495879e+00     4.476584943e+00     -1.283643768e-02     -8.361928456e-03
62.4337726510808935     2.453718379e+02     -5.774770572e+00     -3.632399589e-01     4.500000000e+00     8.129008692e-01     -9.556705047e-03     6.100000000e-01     1.520079797e+00     4.558724656e+00     1.283643768e-02     7.147439347e-03
71.3528830489191108     2.851286964e+02     -1.482869254e+01     -4.486106382e-01     4.499091616e+00     8.435718263e-01     -9.586612082e-03     6.100000000e-01     1.552646453e+00     4.638865340e+00     -1.283643768e-02     1.552297344e-04
80.2719934200000012     3.240819599e+02     -2.702780806e+01     -5.343160799e-01     4.500000000e+00     8.683937080e-01     -9.631771377e-03     6.100000000e-01     1.559281176e+00     4.718422014e+00     1.283643768e-02     1.332524590e-03
89.1911037910808915     3.619549438e+02     -4.236003542e+01     -6.204075476e-01     4.500000000e+00     8.878241535e-01     -9.673173643e-03     6.100000000e-01     1.570044221e+00     4.798756556e+00     -1.283643768e-02     1.080954926e-03
98.1102141889191159     3.984606197e+02     -6.077577380e+01     -7.068597704e-01     4.500000000e+00     9.032027057e-01     -9.712666217e-03     6.100000000e-01     1.577750425e+00     4.879805726e+00     1.283643768e-02     6.470658184e-04
107.0293245600000205     4.333192457e+02     -8.219027733e+01     -7.936479677e-01     4.500000000e+00     9.153759636e-01     -9.748511789e-03     6.100000000e-01     1.585048602e+00     4.961479797e+00     -1.283643768e-02     9.894601181e-04
115.9484349310808966     4.662584681e+02     -1.064850503e+02     -8.807363544e-01     4.500000000e+00     9.250151650e-01     -9.779979956e-03     6.100000000e-01     1.589900990e+00     5.043650558e+00     1.283643768e-02     9.862767862e-05
124.8675453289191211     4.970172415e+02     -1.335099349e+02     -9.680854258e-01     4.500000000e+00     9.326506149e-01     -9.806967094e-03     6.100000000e-01     1.594848684e+00     5.126240149e+00     -1.283643768e-02     1.010831501e-03
133.7866557000000114     5.253492612e+02     -1.630855231e+02     -1.055656338e+00     4.500000000e+00     9.387010109e-01     -9.829725001e-03     6.100000000e-01     1.597788864e+00     5.209171210e+00     1.283643768e-02     -3.515327057e-04
142.7057660710808875     5.510234015e+02     -1.950022830e+02     -1.143393948e+00     4.499071208e+00     9.432173734e-01     -9.844347049e-03     6.100000000e-01     1.595054691e+00     5.292068548e+00     -1.283643768e-02     -2.615717452e-04
151.6248764689191262     5.738345289e+02     -2.290333555e+02     -1.231288424e+00     4.500000000e+00     9.473094323e-01     -9.864900295e-03     6.100000000e-01     1.614140343e+00     5.376582729e+00     1.283643768e-02     4.541292872e-03
160.5439868400000023     5.935991957e+02     -2.649312796e+02     -1.319331036e+00     4.500000000e+00     9.503252269e-01     -9.877564643e-03     6.100000000e-01     1.593941343e+00     5.464715547e+00     -1.283643768e-02     -9.070668284e-03
169.4630972110809068     6.101089965e+02     -3.023092607e+02     -1.406931290e+00     4.473604887e+00     9.448422405e-01     -9.765706891e-03     6.099999940e-01     1.435283735e+00     5.575964002e+00     1.283643634e-02     -2.650633458e-02
178.3822076089191171     6.230885317e+02     -3.407026810e+02     -1.490584887e+00     4.435759674e+00     8.959870833e-01     -8.992575816e-03     2.807837126e-01     1.327799442e+00     6.000953521e+00     -8.665910899e-02     2.404313242e-03
187.3013179799999932     6.321949613e+02     -3.799542057e+02     -1.560740687e+00     4.459715454e+00     7.486737691e-01     -6.738993097e-03     -3.584582598e-01     1.507640600e+00     6.597530163e+00     -5.668298296e-02     3.792283835e-02
196.2204283510808978     6.374632063e+02     -4.199555093e+02     -1.608507143e+00     4.500000000e+00     5.579133246e-01     -3.972042937e-03     -5.802109627e-01     1.214810863e+00     7.335776164e+00     6.957686747e-03     -1.035862790e-01
205.1395387489191364     6.397098910e+02     -4.598998257e+02     -1.635084495e+00     4.422564713e+00     4.008839144e-01     -1.987598927e-03     -5.276412263e-01     -4.848963412e-04     9.109854419e+00     4.830424938e-03     -1.689287381e-01
214.0586491200000410     6.399605794e+02     -4.985006557e+02     -1.645896617e+00     4.209170286e+00     2.568174990e-01     -4.368854493e-04     -4.554548427e-01     -1.214270015e+00     1.088438302e+01     1.135647764e-02     -1.032475370e-01
222.9777594910809171     6.388972194e+02     -5.341691139e+02     -1.642787623e+00     3.784695221e+00     9.374658010e-02     1.134038651e-03     -2.613644764e-01     -2.041380283e+00     1.178862796e+01     3.216588248e-02     -8.222169331e-02
231.8968698889191273     6.370215694e+02     -5.652184855e+02     -1.626825799e+00     3.189354956e+00     -6.336022889e-02     2.445202645e-03     4.434555357e-02     -2.117961378e+00     1.249976147e+01     3.638580351e-02     6.504933182e-02
240.8159802600000319     6.349402640e+02     -5.920107498e+02     -1.603869259e+00     2.832920244e+00     -1.312376288e-01     2.702517090e-03     2.906903736e-01     -7.438846854e-01     1.546562154e+01     1.885397089e-02     2.430703430e-01
249.7350906310809080     6.333376494e+02     -6.172064276e+02     -1.583801342e+00     2.824297904e+00     -9.780397253e-02     1.797464603e-03     6.100000000e-01     1.126607316e+00     1.965189854e+01     5.274725645e-02     1.763643141e-01
258.6542010289191467     6.325633963e+02     -6.428795358e+02     -1.573290888e+00     2.934177667e+00     -3.177258938e-02     5.593745053e-04     4.226146529e-01     1.257766938e+00     2.256478686e+01     -9.476609945e-02     -1.469533942e-01
267.5733114000000228     6.323890635e+02     -6.693429344e+02     -1.570796327e+00     3.000000000e+00     0.000000000e+00     0.000000000e+00     0.000000000e+00     6.024201667e-01     2.395435649e+01     0.000000000e+00     0.000000000e+00
