04 0
31 0
0.0000000000000000     2.496391144e-10     7.739165105e-11     0.000000000e+00     3.000000000e+00     0.000000000e+00     0.000000000e+00     0.000000000e+00     6.024201667e-01     0.000000000e+00     0.000000000e+00     0.000000000e+00
5.8440948727489230     1.766534702e+01     4.184712275e-02     -7.652959088e-04     3.045525532e+00     1.665189759e-02     -2.619039988e-04     3.131990440e-01     1.277965412e+00     1.914986231e+00     1.071847910e-01     2.311890070e-01
11.6881897472510747     3.601543711e+01     3.211671947e-01     -6.108707092e-03     3.233779945e+00     1.010253448e-01     -1.566749128e-03     6.099999824e-01     2.177807426e+00     4.041458342e+00     -5.611854552e-03     7.676013925e-02
17.5322846199999987     5.581398380e+01     1.050498204e+00     -2.149029211e-02     3.536801787e+00     2.443839979e-01     -3.697225994e-03     6.099999685e-01     2.349999931e+00     4.314747725e+00     5.611849800e-03     -1.783142273e-02
23.3763794874892348     7.743837855e+01     2.134218219e+00     -4.904536646e-02     3.844618252e+00     3.915063305e-01     -5.732831165e-03     6.099999845e-01     2.349999850e+00     4.431992054e+00     -5.611844336e-03     1.783139475e-02
29.2204743725107576     1.008591540e+02     3.208806033e+00     -8.765144438e-02     4.125588203e+00     5.283805656e-01     -7.479164450e-03     6.099999734e-01     2.349999142e+00     4.549236571e+00     5.611840530e-03     -1.783163697e-02
35.0645692399999973     1.258375324e+02     3.838343258e+00     -1.351080354e-01     4.345445936e+00     6.414080314e-01     -8.761705007e-03     6.099999827e-01     2.123068604e+00     4.752889772e+00     -5.611837337e-03     -5.982984635e-02
40.9086641074892370     1.518789486e+02     3.601691103e+00     -1.882198859e-01     4.464533277e+00     7.167893333e-01     -9.414540151e-03     6.099999579e-01     1.774439918e+00     5.029820071e+00     5.611828854e-03     -5.947988204e-02
46.7527589925107563     1.783829602e+02     2.201526005e+00     -2.437647556e-01     4.499999739e+00     7.606563493e-01     -9.594346905e-03     6.099999741e-01     1.536635808e+00     5.197356848e+00     -5.611823325e-03     -2.190281771e-02
52.5968538599999960     2.049234453e+02     -4.961773333e-01     -2.998293826e-01     4.499999954e+00     7.890261575e-01     -9.592414499e-03     6.099999289e-01     1.494918257e+00     5.255204122e+00     5.611807875e-03     7.625995710e-03
58.4409487274892285     2.313113818e+02     -4.529758463e+00     -3.558667107e-01     4.497006290e+00     8.125682709e-01     -9.585004521e-03     6.099999648e-01     1.530186262e+00     5.299436941e+00     -5.611795581e-03     4.443625333e-03
64.2850436125107478     2.574738359e+02     -9.911619847e+00     -4.119339821e-01     4.497516546e+00     8.337741833e-01     -9.602661845e-03     6.099999098e-01     1.549325306e+00     5.343551961e+00     5.611776751e-03     2.106248907e-03
70.1291384799999946     2.833505475e+02     -1.665091137e+01     -4.681448317e-01     4.499999948e+00     8.526163819e-01     -9.634140707e-03     6.099999510e-01     1.569370870e+00     5.388815039e+00     -5.611762645e-03     4.753860456e-03
75.9732333474892414     3.088609625e+02     -2.475016347e+01     -5.245090567e-01     4.499952812e+00     8.681111446e-01     -9.655150856e-03     6.099997955e-01     1.542867739e+00     5.439357472e+00     5.611709411e-03     -1.382391534e-02
81.8173282325107607     3.338695025e+02     -3.418600771e+01     -5.807657486e-01     4.483046539e+00     8.762833264e-01     -9.597340121e-03     6.099998993e-01     1.407583035e+00     5.515832199e+00     -5.611673867e-03     -3.247399986e-02
87.6614230999999933     3.581772348e+02     -4.489350817e+01     -6.362052939e-01     4.440804698e+00     8.717371171e-01     -9.375502205e-03     5.624152276e-01     1.230627420e+00     5.604587236e+00     -1.067302959e-02     -2.808477586e-02
93.5055179674892258     3.815957537e+02     -5.681741846e+01     -6.893033210e-01     4.391667533e+00     8.419648303e-01     -8.796012163e-03     2.934861049e-01     1.143744361e+00     5.849216246e+00     -8.136145352e-02     -1.648848173e-03
99.3496128525107451     4.040178088e+02     -6.999748831e+01     -7.370808259e-01     4.366883786e+00     7.670029095e-01     -7.554682290e-03     -1.848522707e-01     1.229658945e+00     6.293724005e+00     -8.233827334e-02     3.105103446e-02
105.1937077199999919     4.254441527e+02     -8.452854872e+01     -7.758896258e-01     4.382974283e+00     6.499233259e-01     -5.726690003e-03     -5.163418831e-01     1.430486153e+00     6.620946344e+00     -3.110602095e-02     3.767721575e-02
111.0378025874892245     4.460051834e+02     -1.004321678e+02     -8.035574067e-01     4.438849893e+00     5.161657121e-01     -3.741938233e-03     -6.099993804e-01     1.562086837e+00     6.731637470e+00     -9.459915943e-04     7.359932855e-03
116.8818974725107438     4.658972950e+02     -1.175597923e+02     -8.203684706e-01     4.499999971e+00     3.910732742e-01     -2.011241398e-03     -6.099991424e-01     1.384674731e+00     6.906883922e+00     9.460730133e-04     -6.807493086e-02
122.7259923399999764     4.852255408e+02     -1.355039703e+02     -8.287728748e-01     4.499999977e+00     2.968351244e-01     -8.649625128e-04     -5.630512899e-01     6.911144743e-01     7.907325430e+00     1.512069322e-02     -1.692792773e-01
128.5700872074892231     5.039587858e+02     -1.537470343e+02     -8.316347957e-01     4.433726161e+00     2.223532020e-01     -1.144606343e-04     -4.086394974e-01     -4.368632098e-01     1.017148980e+01     3.772300542e-02     -2.167437794e-01
134.4141820925107709     5.218806929e+02     -1.717966463e+02     -8.303376589e-01     4.263343378e+00     1.435816320e-01     5.583743202e-04     -1.214921759e-01     -1.600252316e+00     1.267853208e+01     6.054621402e-02     -1.813979795e-01
140.2582769599999892     5.384246714e+02     -1.889526670e+02     -8.252721452e-01     3.890474791e+00     5.511455146e-02     1.175175115e-03     2.286122742e-01     -2.330910846e+00     1.405759650e+01     5.926855827e-02     -6.865221487e-02
146.1023718274892360     5.529882805e+02     -2.044992448e+02     -8.169368708e-01     3.399447757e+00     -3.067073528e-02     1.677370752e-03     4.923196745e-01     -2.349999825e+00     1.453479909e+01     3.097891619e-02     6.211947373e-02
151.9464667125107553     5.656940184e+02     -2.183737370e+02     -8.066938226e-01     3.037763430e+00     -8.030708032e-02     1.828064550e-03     6.099940041e-01     -1.551696731e+00     1.604955622e+01     9.292274080e-03     2.110804350e-01
157.7905615800000021     5.774186436e+02     -2.311802285e+02     -7.967798668e-01     2.902066515e+00     -8.380153348e-02     1.564746805e-03     5.814508305e-01     -7.191808639e-02     1.993450576e+01     -1.906048352e-02     2.953379844e-01
163.6346564474892205     5.890563393e+02     -2.435668963e+02     -7.895152136e-01     2.912975747e+00     -5.242564983e-02     9.214048769e-04     6.099999304e-01     1.161534677e+00     2.299969909e+01     2.883072109e-02     1.267813647e-01
169.4787513325107398     6.010488644e+02     -2.558930804e+02     -7.861104941e-01     2.972164450e+00     -1.420701719e-02     2.437779476e-04     3.471223356e-01     1.067208003e+00     2.466713723e+01     -1.187942153e-01     -1.590623855e-01
175.3228461999999865     6.133547964e+02     -2.682664705e+02     -7.853981634e-01     3.000000000e+00     0.000000000e+00     0.000000000e+00     0.000000000e+00     6.024201667e-01     2.583196630e+01     0.000000000e+00     0.000000000e+00
