02 0
11 0
0.0000000000000000     2.496391144e-10     7.739165105e-11     0.000000000e+00     3.000000000e+00     0.000000000e+00     0.000000000e+00     0.000000000e+00     6.024201667e-01     0.000000000e+00     1.448800616e-02     4.798259987e-02
27.3643570199999999     8.699583633e+01     6.875498491e-01     -2.687135768e-02     3.355769644e+00     1.404654341e-01     -1.963967774e-03     4.072184470e-01     1.633970873e+00     6.029394633e-01     1.527468453e-02     2.741114722e-02
54.7287140399999998     1.891337282e+02     1.741379322e-01     -1.430703587e-01     4.077255827e+00     4.986657336e-01     -6.528758801e-03     6.095750650e-01     1.939266819e+00     1.005208384e+00     -4.848893269e-04     -5.097745424e-03
82.0930710599999998     3.066466658e+02     -1.270868707e+01     -3.541547167e-01     4.499999641e+00     7.535535164e-01     -8.898927498e-03     4.958727385e-01     1.550951638e+00     1.344449067e+00     -7.825360856e-03     -2.328334764e-02
109.4574280799999997     4.240541411e+02     -4.916018966e+01     -5.729249462e-01     4.425841047e+00     7.007532810e-01     -7.090502059e-03     1.990815337e-01     9.103838882e-01     1.661843907e+00     -1.386644828e-02     -2.353432465e-02
136.8217850999999996     5.267987566e+02     -1.061664917e+02     -7.249241435e-01     4.115125822e+00     4.976905698e-01     -4.018781243e-03     -1.475647395e-01     3.492355532e-01     1.862755844e+00     -1.146915693e-02     -1.747875922e-02
164.1861421199999995     6.122604109e+02     -1.727154093e+02     -7.999080553e-01     3.774749979e+00     2.867386761e-01     -1.461626117e-03     -3.339371446e-01     5.039661201e-04     1.936970611e+00     -2.152387696e-03     -8.009256936e-03
191.5504991399999994     6.848683787e+02     -2.408489342e+02     -8.164137710e-01     3.493469278e+00     1.076903622e-01     2.552600596e-04     -2.401388905e-01     -7.662221031e-02     1.958494341e+00     9.007893499e-03     2.372276189e-03
218.9148561599999994     7.499266471e+02     -3.068611512e+02     -8.029314104e-01     3.279055233e+00     8.886151197e-03     7.301356933e-04     6.681423392e-02     -2.218679649e-01     2.020373397e+00     1.342662774e-02     -1.298796536e-02
246.2792131799999993     8.109413166e+02     -3.691262808e+02     -7.891698635e-01     3.092537703e+00     -4.356040644e-03     2.756651705e-04     1.960608473e-01     -4.035078478e-01     2.079001545e+00     -3.980280191e-03     -2.876897175e-04
273.6435701999999992     8.697298015e+02     -4.282247472e+02     -7.853981634e-01     3.000000000e+00     0.000000000e+00     0.000000000e+00     0.000000000e+00     6.024201667e-01     2.862782713e+00     -1.034937112e-02     7.380873122e-02
