06 0
11 0
0.0000000000000000     2.496391144e-10     7.739165105e-11     0.000000000e+00     3.000000000e+00     0.000000000e+00     0.000000000e+00     0.000000000e+00     6.024201667e-01     0.000000000e+00     -6.917464189e-02     1.035495530e-01
31.9471280499999999     1.075431240e+02     -1.110718768e+00     8.296589880e-02     3.713967819e+00     -3.786164402e-01     5.193950371e-03     -6.100000000e-01     2.218385757e+00     2.884623644e+00     3.098654568e-02     -2.384553963e-03
63.8942560999999998     2.395123619e+02     8.556118471e+00     3.340687354e-01     4.500000000e+00     -8.476524045e-01     1.052595010e-02     -6.100000000e-01     1.699820392e+00     3.711091947e+00     -3.098654568e-02     -3.007941985e-02
95.8413841499999961     3.776471666e+02     5.195012208e+01     6.659971441e-01     4.499999837e+00     -9.390727366e-01     1.025390893e-02     -6.100000000e-01     1.486569261e+00     4.451426760e+00     3.098654568e-02     1.672916621e-02
127.7885121999999996     4.956979643e+02     1.363140651e+02     9.937115009e-01     4.500000000e+00     -9.745242041e-01     1.026213597e-02     -6.100000000e-01     1.745592889e+00     5.054836762e+00     -3.098654568e-02     -5.133969526e-04
159.7356402499999888     5.809532422e+02     2.537612078e+02     1.316855391e+00     4.500000000e+00     -9.659279355e-01     9.967782007e-03     -5.491767039e-01     1.460210961e+00     5.697928225e+00     3.479429320e-02     -1.735249263e-02
191.6827682999999922     6.249433559e+02     3.867115325e+02     1.568344028e+00     4.211799236e+00     -6.781631962e-01     5.776270868e-03     4.062128051e-01     6.074936777e-01     6.366605454e+00     2.501637256e-02     -3.603053959e-02
223.6298963499999672     6.342512149e+02     5.146581300e+02     1.670809791e+00     3.791347389e+00     -2.741380947e-01     6.384379781e-04     6.100000000e-01     3.469498725e-02     6.715690909e+00     -1.225859343e-02     1.713733694e-04
255.5770243999999991     6.282119305e+02     6.298789923e+02     1.649379546e+00     3.424290351e+00     3.490052983e-03     -1.980044954e-03     6.099979502e-01     5.597288684e-03     6.764396185e+00     1.225846511e-02     -1.992989275e-03
287.5241524499999741     6.217158238e+02     7.343769420e+02     1.594273749e+00     3.130774542e+00     6.090545515e-02     -1.469767299e-03     -5.440755011e-01     1.907126799e-02     7.931090645e+00     -8.450742895e-02     2.836506678e-03
319.4712804999999776     6.195692254e+02     8.322706414e+02     1.570796327e+00     3.000000000e+00     0.000000000e+00     0.000000000e+00     0.000000000e+00     6.024201667e-01     1.151740406e+01     1.185684249e-01     3.368313900e-02
