05 0
11 0
0.0000000000000000     2.496391144e-10     7.739165105e-11     0.000000000e+00     3.000000000e+00     0.000000000e+00     0.000000000e+00     0.000000000e+00     6.024201667e-01     0.000000000e+00     -4.028754939e-02     1.318900853e-01
23.4699433100000014     7.788338439e+01     -1.481208655e+00     5.311017465e-02     3.625033206e+00     -3.191073455e-01     4.525803403e-03     -6.100000000e-01     2.350000000e+00     2.489045068e+00     -1.169382883e-02     1.703058404e-02
46.9398866200000029     1.732975183e+02     -2.010896666e-01     2.236636725e-01     4.434144840e+00     -7.673140970e-01     1.000797672e-02     -6.100000000e-01     1.910360239e+00     3.226563616e+00     1.169382883e-02     -5.449465080e-02
70.4098299300000008     2.779694585e+02     1.671900843e+01     4.615384698e-01     4.500000000e+00     -8.906084186e-01     1.026261313e-02     -6.100000000e-01     1.288022087e+00     3.794282586e+00     -1.169382883e-02     1.461872358e-03
93.8797732400000058     3.751456738e+02     5.526628991e+01     6.755693445e-01     4.307993976e+00     -7.889939005e-01     7.976107937e-03     -2.231635776e-01     1.093727269e+00     4.183236986e+00     4.465823929e-02     -1.801877793e-02
117.3497165499999966     4.577281838e+02     1.103445950e+02     8.188808156e-01     4.083665824e+00     -5.378800312e-01     4.236232683e-03     5.578459121e-01     4.971901676e-01     4.688819279e+00     2.189577658e-02     -3.281535436e-02
140.8196598600000016     5.258331179e+02     1.731942919e+02     8.782816935e-01     3.782934439e+00     -2.678110804e-01     8.256353541e-04     6.100000000e-01     3.029011303e-02     4.921625261e+00     -1.745144646e-02     -6.971708469e-03
164.2896031699999924     5.836005627e+02     2.364574033e+02     8.731832324e-01     3.509561608e+00     -6.098812275e-02     -1.260102627e-03     6.100000000e-01     1.748297616e-02     5.002908254e+00     1.745144646e-02     5.880343509e-03
187.7595464800000116     6.359769012e+02     2.966586844e+02     8.340139734e-01     3.289159237e+00     6.479874514e-02     -2.077720433e-03     1.959796763e-01     4.957290388e-03     5.374695789e+00     -5.273234324e-02     -6.947724508e-03
211.2294897900000024     6.863112876e+02     3.521599437e+02     7.975150732e-01     3.095971854e+00     4.926358527e-02     -1.032547002e-03     -6.100000000e-01     2.249911012e-02     5.744909969e+00     -1.594951641e-02     8.442557240e-03
234.6994330999999931     7.361680506e+02     4.034567647e+02     7.853981634e-01     3.000000000e+00     0.000000000e+00     0.000000000e+00     0.000000000e+00     6.024201667e-01     6.534473789e+00     6.793089463e-02     4.097563256e-02
