01 0
31 0
0.0000000000000000     2.496391144e-10     7.739165105e-11     0.000000000e+00     8.660092379e-02     -5.170744866e-03     -3.544583761e-05     0.000000000e+00     6.024201667e-01     0.000000000e+00     1.521149382e-06     -6.999012951e-03
3.3333333330000001     3.147853324e-01     -1.764935155e-02     -1.120469711e-04     1.022708820e-01     -5.407406877e-03     -3.178234504e-05     6.888351837e-06     5.795721860e-01     5.060815639e-03     2.611861720e-06     -6.709775461e-03
6.6666666670000003     6.798293583e-01     -3.609100105e-02     -2.123834433e-04     1.167573366e-01     -5.621326149e-03     -2.841953826e-05     1.435527292e-05     5.581542380e-01     9.676861788e-03     1.868290932e-06     -6.140993298e-03
10.0000000000000000     1.091401896e+00     -5.525860506e-02     -3.019532527e-04     1.301891447e-01     -5.815127697e-03     -2.532234740e-05     1.955236150e-05     5.385980032e-01     1.383479069e-02     1.249962215e-06     -5.592747626e-03
13.3333333300000003     1.546201054e+00     -7.509231600e-02     -3.815849288e-04     1.426944085e-01     -5.991337722e-03     -2.245665826e-05     2.288454674e-05     5.208380777e-01     1.759013977e-02     7.493489284e-07     -5.063207678e-03
16.6666666699999979     2.041330825e+00     -9.553858431e-02     -4.519998018e-04     1.543885473e-01     -6.152189784e-03     -1.979226551e-05     2.472418461e-05     5.048150572e-01     2.099306260e-02     3.544337931e-07     -4.550604634e-03
20.0000000000000000     2.574261454e+00     -1.165496045e-01     -5.138241422e-04     1.653758849e-01     -6.299665052e-03     -1.730233874e-05     2.540072622e-05     4.904753399e-01     2.408899931e-02     5.149116997e-08     -4.053225739e-03
23.3333333299999985     3.142794835e+00     -1.380828079e-01     -5.675996305e-04     1.757510837e-01     -6.435527417e-03     -1.496295425e-05     2.519770918e-05     4.777709492e-01     2.691928400e-02     -1.733013897e-07     -3.569408629e-03
26.6666666700000015     3.745034475e+00     -1.601004026e-01     -6.137923603e-04     1.856004439e-01     -6.561354224e-03     -1.275268356e-05     2.435390979e-05     4.666593752e-01     2.952169736e-02     -3.329782440e-07     -3.097535808e-03
30.0000000000000000     4.379359586e+00     -1.825689595e-01     -6.528005494e-04     1.950030863e-01     -6.678563288e-03     -1.065222999e-05     2.306669328e-05     4.571034333e-01     3.193097187e-02     -4.393516630e-07     -2.636029295e-03
33.3333333299999950     5.044402957e+00     -2.054590430e-01     -6.849611094e-04     2.040320357e-01     -6.788436789e-03     -8.644106007e-06     2.149634802e-05     4.490711422e-01     3.417925627e-02     -5.028554946e-07     -2.183345389e-03
36.6666666699999979     5.739032301e+00     -2.287448849e-01     -7.105551943e-04     2.127552193e-01     -6.892142543e-03     -6.712344883e-06     1.977069141e-05     4.425356173e-01     3.629654549e-02     -5.325384708e-07     -1.737969562e-03
40.0000000000000000     6.462334804e+00     -2.524040985e-01     -7.298128373e-04     2.212363942e-01     -6.990753081e-03     -4.842240885e-06     1.798950698e-05     4.374749823e-01     3.831108189e-02     -5.361721889e-07     -1.298411443e-03
43.3333333300000021     7.213604676e+00     -2.764174318e-01     -7.429167608e-04     2.295360169e-01     -7.085262932e-03     -3.020113273e-06     1.622860850e-05     4.338722967e-01     4.024973306e-02     -5.203668977e-07     -8.631998904e-04
46.6666666699999979     7.992333520e+00     -3.007685570e-01     -7.500054325e-04     2.377120661e-01     -7.176604409e-03     -1.233089712e-06     1.454344977e-05     4.317155000e-01     4.213835124e-02     -4.907283390e-07     -4.308781244e-04
50.0000000000000000     8.798203387e+00     -3.254438945e-01     -7.511754243e-04     2.458208309e-01     -7.265662211e-03     5.310945943e-07     1.297223326e-05     4.309973716e-01     4.400211921e-02     -4.520015707e-07     1.089444807e-09
53.3333333300000021     9.631082417e+00     -3.504324693e-01     -7.464831244e-04     2.539176741e-01     -7.353287079e-03     2.284285399e-06     1.153855602e-05     4.317155072e-01     4.586588726e-02     -4.082047688e-07     4.308802230e-04
56.6666666699999979     1.049102300e+01     -3.757257976e-01     -7.359458345e-04     2.620577820e-01     -7.440308751e-03     4.038088496e-06     1.025363878e-05     4.338723105e-01     4.775450565e-02     -3.627455802e-07     8.632017543e-04
60.0000000000000000     1.137826243e+01     -4.013178026e-01     -7.195422835e-04     2.702969098e-01     -7.527548401e-03     5.804042071e-06     9.118201316e-06     4.374750016e-01     4.969315714e-02     -3.185168961e-07     1.298412934e-03
63.3333333299999950     1.229322606e+01     -4.272047566e-01     -6.972125722e-04     2.786921329e-01     -7.615830773e-03     7.593784770e-06     8.124057368e-06     4.425356408e-01     5.170769392e-02     -2.779694725e-07     1.737970570e-03
66.6666666699999979     1.323653298e+01     -4.533852477e-01     -6.688575613e-04     2.873026145e-01     -7.705996184e-03     9.419221730e-06     7.255509625e-06     4.490711681e-01     5.382498353e-02     -2.431591733e-07     2.183345842e-03
70.0000000000000000     1.420900430e+01     -4.798601706e-01     -6.343377074e-04     2.961903994e-01     -7.798912553e-03     1.129269064e-05     6.490635838e-06     4.571034598e-01     5.607326824e-02     -2.157650988e-07     2.636029166e-03
73.3333333299999879     1.521167412e+01     -5.066327368e-01     -5.934713400e-04     3.054212436e-01     -7.895487637e-03     1.322712979e-05     5.802571126e-06     4.666594003e-01     5.848254293e-02     -1.970737287e-07     3.097535123e-03
76.6666666700000121     1.624580343e+01     -5.337085039e-01     -5.460323739e-04     3.150654916e-01     -7.996681612e-03     1.523624988e-05     5.160913316e-06     4.777709713e-01     6.108495629e-02     -1.879209571e-07     3.569407474e-03
80.0000000000000000     1.731289687e+01     -5.610954211e-01     -4.917474386e-04     3.251990133e-01     -8.103520170e-03     1.733471126e-05     4.533408169e-06     4.904753575e-01     6.391524075e-02     -1.885821310e-07     4.053224264e-03
83.3333333300000021     1.841472293e+01     -5.888038853e-01     -4.302924063e-04     3.359042097e-01     -8.217108267e-03     1.953830814e-05     3.888120414e-06     5.048150697e-01     6.701117702e-02     -1.985905222e-07     4.550603050e-03
86.6666666699999979     1.955333745e+01     -6.168468066e-01     -3.612882909e-04     3.472711042e-01     -8.338644685e-03     2.186416109e-05     3.196360069e-06     5.208380852e-01     7.041409923e-02     -2.164656845e-07     5.063206267e-03
90.0000000000000000     2.073111107e+01     -6.452396755e-01     -2.842964911e-04     3.593985303e-01     -8.469437539e-03     2.433091889e-05     2.436719698e-06     5.385980069e-01     7.416944757e-02     -2.393185381e-07     5.592746729e-03
93.3333333300000021     2.195076077e+01     -6.740006259e-01     -1.988133418e-04     3.723954311e-01     -8.610920877e-03     2.695897058e-05     1.600708080e-06     5.581542403e-01     7.832737577e-02     -2.622884325e-07     6.140993320e-03
96.6666666699999979     2.321538591e+01     -7.031504855e-01     -1.042639443e-04     3.863822891e-01     -8.764672488e-03     2.977066793e-05     7.006341941e-07     5.795721906e-01     8.294342141e-02     -2.777558992e-07     6.709776864e-03
100.0000000000000000     2.452848696e+01     -7.327124783e-01     0.000000000e+00     4.014792513e-01     -8.932237631e-03     3.278769414e-05     0.000000000e+00     6.024201667e-01     8.800423534e-02     -1.426246173e-07     6.999008765e-03
