 12.09611160  54.12541500 4 53
 12.09687500  54.12539170 3 38
 12.09659330  54.11961330 3 42
 12.09698000  54.16173500 4 WW1
 12.10123340  54.16107610 4 27
 12.09571500  54.12091830 4 57/M1
 12.09539330  54.15245500 4 35
 12.09838670  54.15610500 4 33
 12.09578170  54.15471500 4 WW3a
 12.09559000  54.15360830 434 WW 3b/MG 2
 12.14377720  54.09443890 3 68
 12.13474990  54.09395270 3 64
 12.11542160  54.09711240 3 56
 12.09555000  54.11136660 3 B4
 12.09650000  54.11273330 4 B3
 12.09703500  54.11254500 3 B2
 12.09501660  54.11155000 4 B5
 12.13975880  54.17314150 4 SC11
 12.10213500  54.10103500 4 NW7
 12.10387840  54.10180750 4 NW5
 12.10466080  54.10249510 4 NW3
 12.10439000  54.10527200 3 50
 12.08908680  54.14174920 4 SM3
 12.09655110  54.13343460 3 34
 12.09023540  54.14162010 3 SM4
 12.13618720  54.16921160 4 SC9
 12.09785160  54.15961170 3 WW4a
 12.08933300  54.18931500 3 18
 12.06267300  54.23137700 4 7
 12.09010500  54.18382900 4 19
 12.08442600  54.19389700 4 15
 12.08658000  54.19440500 3 16
 12.08729100  54.18894900 4 17
 12.14141590  54.09399510 3 66
 12.11509330  54.09676000 4 75
 12.10420700  54.10459100 4 67/NW1
 12.11807000  54.09553670 3 58
 12.14760940  54.09425810 4 77
 12.14815310  54.09445940 3 70
 12.10038160  54.11013840 3 48
 12.10523000  54.10429670 3 52
 12.13814960  54.16008600 4 Ch3
 12.13811990  54.16078440 3 Ch4
 12.06593500  54.23196700 3 8
 12.08154000  54.20357000 3 14
 12.07904100  54.20308200 4 13
 12.07636900  54.21297800 3 12
 12.07364600  54.21242900 4 11
 12.06824100  54.22191800 4 9
 12.07112510  54.22251250 3 10
 12.09218800  54.18420500 3 20
 12.09266160  54.17934660 4 21
 12.11426600  54.16055200 3 SC4
 12.13042810  54.16059010 3 Ch2
 12.10803330  54.16046330 3 30/SC2
 12.12919280  54.16160190 4 SC5
 12.13206680  54.16544190 3 SC10
 12.10048900  54.15858100 4 31
 12.10022330  54.15950500 4 29
 12.12369560  54.09438270 3 60
 12.11062900  54.10046600 3 54
 12.11274330  54.09842500 4 71/73
 12.10679660  54.10263000 434 69/NW2
 12.09469840  54.17974170 3 22
 12.09329360  54.13662800 3 S2a
 12.09128000  54.13700740 4 S3
 12.10206400  54.16269600 4 25
 12.10402500  54.16307200 3 28
 12.09475060  54.14292010 4 41/SM1
 12.09543680  54.14716430 4 39
 12.09465960  54.14939300 4 37
 12.09720330  54.15583500 3 WW6
 12.09653010  54.15967570 4 WW1a
 12.09819830  54.16162660 3 WW4
 12.09445130  54.13624400 434 47/S2
 12.09415760  54.13722000 4 45/S1
 12.09616210  54.13508750 3 32
 12.09540210  54.13503490 4 49
 12.09723000  54.12975900 3 36
 12.09644370  54.12970750 4 51
 12.09913330  54.16785000 434 23/WW2
 12.09817330  54.17356830 3 24
 12.10117000  54.16824500 3 26
 12.13571270  54.16941700 3 SC12
 12.13931580  54.17331980 3 SC14
 12.09981800  54.10996500 4 63
 12.09448340  54.11816660 4 M3
 12.09678920  54.11717920 3 44
 12.12808110  54.09390750 3 62
 12.09817330  54.11394330 3 46
 12.10117670  54.10791500 4 65
 12.09469280  54.14242580 434 43/SM2
 12.13050690  54.15992490 4 Ch1
 12.12872400  54.16176380 3 SC8
 12.12265800  54.16074500 3 SC6
 12.09505000  54.11708340 3 M4
 12.09601670  54.11713330 434 59/M2
 12.09231990  54.11523450 3 M6
 12.09755300  54.11362300 4 61/B1
 12.09271660  54.11685000 4 M5
 12.09171320  54.11658580 4 M7
 12.13254700  54.16528210 4 SC7
 12.09597370  54.15667230 4 WW 3
