01 0
31 0
0.0000000000000000     2.496391144e-10     7.739165105e-11     0.000000000e+00     3.000000000e+00     4.026408441e-04     -1.247930022e-05     0.000000000e+00     6.024201667e-01     0.000000000e+00     1.800383506e-06     3.390021340e-04
3.3333333330000001     1.000000002e+01     1.099156303e-03     -3.941948345e-05     3.000000000e+00     3.751113422e-04     -1.117238985e-05     8.894533446e-06     6.024577148e-01     3.632911662e-03     3.536336562e-06     -3.164732245e-04
6.6666666670000003     2.000000007e+01     1.729994405e-03     -7.461259335e-05     3.000000000e+00     3.454877500e-04     -9.943476097e-06     2.045577003e-05     6.024199312e-01     7.265345341e-03     3.400405390e-06     2.938030293e-04
10.0000000000000000     3.000000013e+01     1.927067524e-03     -1.058308022e-04     3.000000000e+00     3.140863098e-04     -8.787449186e-06     3.154062258e-05     6.024575081e-01     1.089733483e-02     3.250506138e-06     -2.712568948e-04
13.3333333300000003     4.000000017e+01     1.723434915e-03     -1.333080048e-04     3.000000000e+00     2.811505481e-04     -7.698872414e-06     4.210307249e-05     6.024197512e-01     1.452891458e-02     3.086963806e-06     2.486027610e-04
16.6666666699999979     5.000000019e+01     1.150674724e-03     -1.572606483e-04     3.000000000e+00     2.468992994e-04     -6.672713670e-06     5.209811105e-05     6.024573531e-01     1.816011861e-02     2.910059329e-06     -2.260416027e-04
20.0000000000000000     6.000000018e+01     2.389728276e-04     -1.778890209e-04     3.000000000e+00     2.115285720e-04     -5.704309877e-06     6.148162065e-05     6.024196196e-01     2.179098129e-02     2.720046433e-06     2.034014736e-04
23.3333333299999985     7.000000013e+01     -9.827942814e-04     -1.953784352e-04     3.000000000e+00     1.752135310e-04     -4.789338706e-06     7.021025219e-05     6.024572432e-01     2.542153666e-02     2.517132494e-06     -1.808272693e-04
26.6666666700000015     8.000000003e+01     -2.486982037e-03     -2.099003136e-04     3.000000000e+00     1.381100603e-04     -3.923788335e-06     7.824132021e-05     6.024195299e-01     2.905181905e-02     2.301508319e-06     1.581992630e-04
30.0000000000000000     8.999999988e+01     -4.247105340e-03     -2.216131836e-04     3.000000000e+00     1.003564446e-04     -3.103933703e-06     8.553269722e-05     6.024571723e-01     3.268186251e-02     2.073317887e-06     -1.356137954e-04
33.3333333299999950     9.999999968e+01     -6.237770667e-03     -2.306635912e-04     3.000000000e+00     6.207467632e-05     -2.326310816e-06     9.204272153e-05     6.024194764e-01     3.631170131e-02     1.832696697e-06     1.129962366e-04
36.6666666699999979     1.099999994e+02     -8.434612366e-03     -2.371869372e-04     3.000000000e+00     2.337187910e-05     -1.587696816e-06     9.773010707e-05     6.024571350e-01     3.994136954e-02     1.579734624e-06     -9.040106708e-05
40.0000000000000000     1.199999992e+02     -1.081423279e-02     -2.413082456e-04     3.000000000e+00     -1.565859878e-05     -8.850881847e-07     1.025538629e-04     6.024194541e-01     4.357090141e-02     1.314518856e-06     6.779249932e-05
43.3333333300000021     1.299999988e+02     -1.335414603e-02     -2.431428678e-04     3.000000000e+00     -5.493602080e-05     -2.156851759e-07     1.064732172e-04     6.024571266e-01     4.720033102e-02     1.037093727e-06     -4.518897560e-05
46.6666666699999979     1.399999985e+02     -1.603272465e-02     -2.427971292e-04     3.000000000e+00     -9.439118177e-05     4.231283328e-07     1.094475477e-04     6.024194586e-01     5.082969256e-02     7.475045775e-07     2.258817361e-05
50.0000000000000000     1.499999981e+02     -1.882914911e-02     -2.403689180e-04     3.000000000e+00     -1.339653725e-04     1.033798400e-06     1.114363192e-04     6.024571432e-01     5.445902014e-02     4.457583287e-07     2.257544537e-08
53.3333333300000021     1.599999977e+02     -2.172336010e-02     -2.359482293e-04     3.000000000e+00     -1.736097977e-04     1.618614826e-06     1.123990245e-04     6.024194864e-01     5.808834791e-02     1.318648756e-07     -2.261663317e-05
56.6666666699999979     1.699999973e+02     -2.469601357e-02     -2.296176651e-04     3.000000000e+00     -2.132846289e-04     2.179723701e-06     1.122950925e-04     6.024571815e-01     6.171771000e-02     -1.942240648e-07     4.523369083e-05
60.0000000000000000     1.799999968e+02     -2.772844039e-02     -2.214528549e-04     3.000000000e+00     -2.529599237e-04     2.719162439e-06     1.110837951e-04     6.024195347e-01     6.534714053e-02     -5.325543857e-07     -6.782182183e-05
63.3333333299999950     1.899999964e+02     -3.080260645e-02     -2.115228544e-04     3.000000000e+00     -2.926126075e-04     3.238837835e-06     1.087242945e-04     6.024572391e-01     6.897667365e-02     -8.831459793e-07     9.044446768e-05
66.6666666699999979     1.999999960e+02     -3.390107010e-02     -1.998905761e-04     3.000000000e+00     -3.322253135e-04     3.740529158e-06     1.051756900e-04     6.024196010e-01     7.260634344e-02     -1.246016735e-06     -1.130272976e-04
70.0000000000000000     2.099999956e+02     -3.700694447e-02     -1.866131446e-04     3.000000000e+00     -3.717881658e-04     4.225929751e-06     1.003969533e-04     6.024573138e-01     7.623618409e-02     -1.621225295e-06     1.356549946e-04
73.3333333299999879     2.199999952e+02     -4.010386364e-02     -1.717421908e-04     3.000000000e+00     -4.112973521e-04     4.696642486e-06     9.434685723e-05     6.024196839e-01     7.986622965e-02     -2.008832336e-06     -1.582329711e-04
76.6666666700000121     2.299999948e+02     -4.317594858e-02     -1.553241415e-04     3.000000000e+00     -4.507546306e-04     5.154187103e-06     8.698396474e-05     6.024574045e-01     8.349651431e-02     -2.408903157e-06     1.808653595e-04
80.0000000000000000     2.399999945e+02     -4.620777429e-02     -1.374004833e-04     3.000000000e+00     -4.901669331e-04     5.600007844e-06     7.826660901e-05     6.024197822e-01     8.712707212e-02     -2.821510281e-06     -2.034387598e-04
83.3333333300000021     2.499999942e+02     -4.918433820e-02     -1.180080039e-04     3.000000000e+00     -5.295459612e-04     6.035479799e-06     6.815289535e-05     6.024575103e-01     9.075793728e-02     -3.246717913e-06     2.260756416e-04
86.6666666699999979     2.599999939e+02     -5.209102961e-02     -9.717901229e-05     3.000000000e+00     -5.689078411e-04     6.461915150e-06     5.660069127e-05     6.024198954e-01     9.438914383e-02     -3.684604533e-06     -2.486445801e-04
90.0000000000000000     2.699999937e+02     -5.491360009e-02     -7.494153918e-05     3.000000000e+00     -6.082727964e-04     6.880568714e-06     4.356764168e-05     6.024576310e-01     9.802072598e-02     -4.135225220e-06     2.712859171e-04
93.3333333300000021     2.799999936e+02     -5.763813477e-02     -5.131951972e-05     3.000000000e+00     -6.476648436e-04     7.292642959e-06     2.901116901e-05     6.024200236e-01     1.016527178e-01     -4.598658384e-06     -2.938503545e-04
96.6666666699999979     2.899999935e+02     -6.025102446e-02     -2.633295994e-05     3.000000000e+00     -6.871115316e-04     7.699292914e-06     1.288850243e-05     6.024577668e-01     1.052851534e-01     -5.074941565e-06     3.164962663e-04
100.0000000000000000     2.999999934e+02     -6.273882803e-02     0.000000000e+00     3.000000000e+00     -7.265717373e-04     8.100484396e-06     0.000000000e+00     6.024201667e-01     1.089180665e-01     -2.658159890e-06     -3.390563379e-04
