01 0
31 0
0.0000000000000000     2.496391144e-10     7.739165105e-11     0.000000000e+00     4.287624984e+00     -4.118206971e+00     2.135216237e+00     0.000000000e+00     6.024201667e-01     0.000000000e+00     2.827085680e-03     -6.248489232e-06
0.0023100740664357     9.536284100e-03     -8.165659251e-03     4.952303435e-03     3.953968264e+00     -2.971018873e+00     2.152354594e+00     3.263726342e-06     6.024201525e-01     2.607363506e-06     -1.439144331e-06     -6.032541862e-06
0.0046201481335643     1.832489273e-02     -1.360692104e-02     9.944895630e-03     3.622630151e+00     -1.795611725e+00     2.170097309e+00     3.260505379e-06     6.024201390e-01     5.122411495e-06     -1.349458035e-06     -5.600606629e-06
0.0069302222000000     2.634373558e-02     -1.626442764e-02     1.497920429e-02     3.293712179e+00     -5.907025135e-01     2.188471589e+00     3.257470644e-06     6.024201266e-01     7.637459258e-06     -1.277912896e-06     -5.168690589e-06
0.0092402962643566     3.356963833e-02     -1.607599687e-02     2.005672197e-02     2.967335370e+00     6.450579116e-01     2.207506518e+00     3.254589680e-06     6.024201152e-01     1.015250681e-05     -1.216327440e-06     -4.737238028e-06
0.0115503703356434     3.997827985e-02     -1.297646608e-02     2.517901056e-02     2.643630663e+00     1.913100632e+00     2.227233035e+00     3.251838350e-06     6.024201047e-01     1.266755418e-05     -1.165680706e-06     -4.306277894e-06
0.0138604444000000     4.554409642e-02     -6.897498631e-03     3.034770549e-02     2.322727599e+00     3.214957041e+00     2.247683881e+00     3.249191065e-06     6.024200953e-01     1.518260138e-05     -1.126248152e-06     -3.875393072e-06
0.0161705184643566     5.024017661e-02     2.232625680e-03     3.556452030e-02     2.004765828e+00     4.552255874e+00     2.268893930e+00     3.246621604e-06     6.024200868e-01     1.769764842e-05     -1.098303949e-06     -3.444586199e-06
0.0184805925356434     5.403816131e-02     1.448922362e-02     4.083125175e-02     1.689896645e+00     5.926730498e+00     2.290900368e+00     3.244103460e-06     6.024200794e-01     2.021269533e-05     -1.081820163e-06     -3.013859502e-06
0.0207906666000000     5.690813563e-02     2.995143783e-02     4.614978541e-02     1.378284190e+00     7.340227399e+00     2.313742894e+00     3.241610245e-06     6.024200729e-01     2.272774212e-05     -1.076721958e-06     -2.583211817e-06
0.0231007406643566     5.881851142e-02     4.870248474e-02     5.152210172e-02     1.070106737e+00     8.794715579e+00     2.337463935e+00     3.239116068e-06     6.024200674e-01     2.524278880e-05     -1.082653234e-06     -2.152638539e-06
0.0254108147356434     5.973589890e-02     7.082992309e-02     5.695028254e-02     7.655580325e-01     1.029229700e+01     2.362108884e+00     3.236595338e-06     6.024200629e-01     2.775783541e-05     -1.099712419e-06     -1.722134193e-06
0.0277208888000000     5.962496629e-02     9.642594543e-02     6.243651831e-02     4.648486396e-01     1.183521831e+01     2.387726354e+00     3.234022167e-06     6.024200595e-01     3.027288194e-05     -1.128055606e-06     -1.291706945e-06
0.0300309628643566     5.844828527e-02     1.255876955e-01     6.798311584e-02     1.682072366e-01     1.342588399e+01     2.414368468e+00     3.231370795e-06     6.024200570e-01     3.278792843e-05     -1.167418477e-06     -8.614615224e-07
0.0323410369356434     5.616613052e-02     1.584176227e-01     7.359250656e-02     -1.241434836e-01     1.506688031e+01     2.442091014e+00     3.228615385e-06     6.024200555e-01     3.530297489e-05     -1.218129180e-06     -4.313362338e-07
0.0346511110000000     5.273620654e-02     1.950238834e-01     7.926725524e-02     -4.120057732e-01     1.676099913e+01     2.470953631e+00     3.225729155e-06     6.024200550e-01     3.781802133e-05     -1.280679128e-06     -2.051511996e-09
0.0369611850643566     4.811339335e-02     2.355207654e-01     8.501006967e-02     -6.951511929e-01     1.851123732e+01     2.501020506e+00     3.222684543e-06     6.024200555e-01     4.033306778e-05     -1.355252974e-06     4.273388628e-07
0.0392712591356434     4.224955419e-02     2.800291312e-01     9.082381178e-02     -9.733007878e-01     2.032081251e+01     2.532360911e+00     3.219453874e-06     6.024200570e-01     4.284811424e-05     -1.441763646e-06     8.577736254e-07
0.0415813332000000     3.509329243e-02     3.286769221e-01     9.671150958e-02     -1.246161453e+00     2.219320649e+01     2.565049351e+00     3.216010153e-06     6.024200594e-01     4.536316075e-05     -1.539707378e-06     1.288025134e-06
0.0438914072643566     2.658954846e-02     3.815998128e-01     1.026763684e-01     -1.513489064e+00     2.413226767e+01     2.599164844e+00     3.212327157e-06     6.024200629e-01     4.787820732e-05     -1.648922095e-06     1.718551375e-06
0.0462014813356434     1.667931839e-02     4.389417769e-01     1.087217860e-01     -1.774898203e+00     2.614202707e+01     2.634794986e+00     3.208379125e-06     6.024200674e-01     5.039325396e-05     -1.769168638e-06     2.149747123e-06
0.0485115554000000     5.299572840e-03     5.008554948e-01     1.148513732e-01     -2.029864094e+00     2.822673082e+01     2.672036650e+00     3.204140500e-06     6.024200728e-01     5.290830070e-05     -1.900508992e-06     2.581153737e-06
0.0508216294643566     -7.617103741e-03     5.675030514e-01     1.210689724e-01     -2.277902627e+00     3.039108416e+01     2.710993365e+00     3.199586335e-06     6.024200793e-01     5.542334755e-05     -2.042355480e-06     3.012690359e-06
0.0531317035356434     -2.214306388e-02     6.390568440e-01     1.273786753e-01     -2.518493033e+00     3.264021161e+01     2.751777498e+00     3.194692644e-06     6.024200868e-01     5.793839453e-05     -2.194460781e-06     3.444311971e-06
0.0554417776000000     -3.835609835e-02     7.157004833e-01     1.337848445e-01     -2.751065171e+00     3.497969402e+01     2.794511380e+00     3.189435955e-06     6.024200952e-01     6.045344167e-05     -2.356628310e-06     3.875993681e-06
0.0577518516643566     -5.633998469e-02     7.976297814e-01     1.402921383e-01     -2.974991207e+00     3.741561763e+01     2.839328491e+00     3.183792367e-06     6.024201047e-01     6.296848897e-05     -2.529427669e-06     4.307720514e-06
0.0600619257356434     -7.618509959e-02     8.850538461e-01     1.469055378e-01     -3.189577424e+00     3.995463141e+01     2.886374775e+00     3.177736669e-06     6.024201151e-01     6.548353646e-05     -2.713420977e-06     4.739483629e-06
0.0623719998000000     -9.798910688e-02     9.781963003e-01     1.536303772e-01     -3.394055292e+00     4.260401318e+01     2.935810132e+00     3.173884274e-06     6.024201266e-01     6.799858407e-05     -6.205485157e-07     5.171748311e-06
0.0646820738643566     -1.218577337e-01     1.077296642e+00     1.604723781e-01     -3.587571387e+00     4.537174554e+01     2.987810140e+00     3.180569463e-06     6.024201390e-01     7.051363228e-05     6.406619081e-06     5.605054254e-06
0.0669921479356434     -1.479056490e-01     1.182611771e+00     1.674376884e-01     -3.769175824e+00     4.826660337e+01     3.042568015e+00     3.210753808e-06     6.024201525e-01     7.302868519e-05     1.972618820e-05     6.039698687e-06
0.0693022220000000     -1.762574611e-01     1.294417698e+00     1.745329252e-01     -3.937808777e+00     5.129825466e+01     3.100296890e+00     0.000000000e+00     6.024201667e-01     7.563426107e-05     -2.799510459e-03     6.257375006e-06
