07 0
11 0
0.0000000000000000     2.496391144e-10     7.739165105e-11     0.000000000e+00     3.000000000e+00     0.000000000e+00     0.000000000e+00     0.000000000e+00     6.024201667e-01     0.000000000e+00     -1.139861164e-02     -6.220845111e-04
79.9999950499999954     2.401881435e+02     3.670324780e+00     9.426958002e-02     3.000000000e+00     -1.914821968e-01     2.356738424e-03     -6.099999737e-01     7.415991956e-01     1.743340517e-01     -3.851388646e-03     4.101560459e-03
159.9999900999999909     4.781845341e+02     3.729114454e+01     4.091225989e-01     3.000000000e+00     -4.846489609e-01     5.514586924e-03     -6.099999772e-01     9.527055083e-01     3.683970549e-01     3.851388557e-03     1.176097686e-03
239.9999851499999863     6.905984711e+02     1.450551317e+02     8.905142666e-01     3.000000000e+00     -6.150096385e-01     6.520204901e-03     -6.099999841e-01     1.046864387e+00     6.218005721e-01     -3.851388728e-03     1.177874438e-03
319.9999801999999818     8.287400001e+02     3.376691760e+02     1.421466905e+00     3.000000000e+00     -6.492966791e-01     6.753611265e-03     -6.099999961e-01     1.070703185e+00     9.034371530e-01     3.851388428e-03     -5.819044609e-04
399.9999752499999772     8.506198518e+02     5.733872038e+02     1.963517117e+00     3.000000000e+00     -6.567050935e-01     6.797644265e-03     -6.099999953e-01     1.075659535e+00     1.192052253e+00     -3.851388405e-03     7.058132071e-04
479.9999702999999727     7.478736225e+02     7.865952059e+02     2.507664049e+00     3.000000000e+00     -6.582041138e-01     6.806029266e-03     -6.099999737e-01     1.076614825e+00     1.482241221e+00     3.851388944e-03     -6.819309567e-04
559.9999653499999113     5.525972700e+02     9.203963147e+02     2.950068943e+00     3.000000000e+00     -4.753920371e-01     4.254093148e-03     -4.542202846e-02     8.019299815e-01     1.762058233e+00     1.026306056e-02     -6.185190546e-03
639.9999603999999636     3.184043446e+02     9.682313996e+02     3.142661722e+00     3.000000000e+00     -1.613199448e-01     5.607260170e-04     2.067500353e-01     6.222185823e-01     1.950537140e+00     -3.958758573e-03     1.692405288e-03
719.9999554500000158     7.839881782e+01     9.737412409e+02     3.153341695e+00     3.000000000e+00     -1.488073301e-02     -2.937272718e-04     2.669500408e-05     6.022670637e-01     2.050442844e+00     -1.209325251e-03     -2.191193282e-03
799.9999504999999544     -1.615998784e+02     9.729265795e+02     3.141592654e+00     3.000000000e+00     0.000000000e+00     0.000000000e+00     0.000000000e+00     6.024201667e-01     2.142536226e+00     1.208657865e-03     2.195020870e-03
