01 0
11 0
0.0000000000000000     2.496391144e-10     7.739165105e-11     0.000000000e+00     3.000000000e+00     0.000000000e+00     0.000000000e+00     0.000000000e+00     6.024201667e-01     0.000000000e+00     -3.717523491e-02     4.868691325e-03
19.9999988800000033     6.000233971e+01     -2.569173744e-01     6.586776835e-03     3.000000000e+00     -4.545291251e-02     6.586777205e-04     -5.378318697e-01     6.677556555e-01     1.926940363e-01     -1.660795508e-02     1.664857928e-03
39.9999977600000065     1.200346658e+02     -9.501365424e-01     3.246520301e-02     3.000000000e+00     -1.410830262e-01     1.929165043e-03     -6.099999367e-01     7.190967707e-01     2.594664967e-01     9.391147977e-03     3.469253878e-03
59.9999966399999991     1.801509513e+02     -1.241920819e+00     8.071629957e-02     3.000000000e+00     -2.281771912e-01     2.895944884e-03     -4.924910334e-01     7.378101609e-01     3.021455244e-01     2.359743008e-03     -1.597914748e-03
79.9999955200000130     2.403131836e+02     4.734494610e-01     1.403294461e-01     3.000000000e+00     -2.651289297e-01     3.065370107e-03     -1.685664367e-01     7.019262682e-01     4.246622359e-01     3.003271849e-02     -1.990474732e-03
99.9999944000000056     3.002600082e+02     5.602278430e+00     1.924272176e-01     3.000000000e+00     -2.220259278e-01     2.144407329e-03     3.276695585e-01     6.739623167e-01     5.821078384e-01     1.959088382e-02     -8.059205682e-04
119.9999932799999982     3.596734190e+02     1.451992036e+01     2.200880420e-01     3.000000000e+00     -1.219209732e-01     6.216752729e-04     6.100000000e-01     6.862736183e-01     6.561926123e-01     8.642161913e-03     2.037050796e-03
139.9999921600000050     4.185269037e+02     2.627331107e+01     2.185118591e-01     3.000000000e+00     -1.122572918e-02     -7.792935707e-04     5.770620748e-01     6.723141453e-01     7.071908459e-01     -1.193595462e-02     -3.432998180e-03
159.9999910400000260     4.771535223e+02     3.905730870e+01     1.981900541e-01     3.000000000e+00     4.930709381e-02     -1.252887047e-03     3.819298728e-02     6.112605286e-01     9.240878884e-01     -4.195095716e-02     -2.672363829e-03
179.9999899200000186     5.359337065e+02     5.109735440e+01     1.800970548e-01     3.000000000e+00     2.805592544e-02     -5.564129880e-04     -3.355504040e-01     6.262545304e-01     1.127600238e+00     4.576615934e-03     4.171764096e-03
199.9999888000000112     5.949424699e+02     6.195657248e+01     1.745329252e-01     3.000000000e+00     0.000000000e+00     0.000000000e+00     0.000000000e+00     6.024201667e-01     1.242360264e+00     2.897842635e-02     -6.555200605e-03
