02 0
11 0
0.0000000000000000     2.496391144e-10     7.739165105e-11     0.000000000e+00     3.000000000e+00     0.000000000e+00     0.000000000e+00     0.000000000e+00     6.024201667e-01     0.000000000e+00     3.971619227e-02     4.903369625e-03
20.0000000000000000     6.000229957e+01     2.540752322e-01     -6.531797862e-03     3.000000000e+00     4.500373397e-02     -6.531800204e-04     5.444477959e-01     6.691602247e-01     2.064691093e-01     1.472858733e-02     1.770636176e-03
40.0000000000000000     1.200339551e+02     9.380380331e-01     -3.216382164e-02     3.000000000e+00     1.395357587e-01     -1.910022472e-03     6.099999998e-01     7.183578577e-01     2.650622503e-01     -8.173366939e-03     3.149127122e-03
60.0000000000000000     1.801478858e+02     1.223189840e+00     -7.996546310e-02     3.000000000e+00     2.258890592e-01     -2.870141788e-03     5.046369539e-01     7.391273043e-01     3.052780755e-01     -2.362937652e-03     -1.072182460e-03
80.0000000000000000     2.403088204e+02     -4.700977655e-01     -1.393149441e-01     3.000000000e+00     2.642997099e-01     -3.064806428e-03     1.882152727e-01     7.036443122e-01     4.235345763e-01     -2.927923047e-02     -2.476116752e-03
100.0000000000000000     3.002601980e+02     -5.545741233e+00     -1.915966572e-01     3.000000000e+00     2.226446439e-01     -2.163365001e-03     -3.169518841e-01     6.731930520e-01     5.834596111e-01     -2.123748521e-02     -5.690092629e-04
120.0000000000000000     3.596809695e+02     -1.441480139e+01     -2.195122671e-01     3.000000000e+00     1.219913415e-01     -6.281961040e-04     -6.100000000e-01     6.863538242e-01     6.631867159e-01     -8.067326385e-03     1.885086487e-03
140.0000000000000000     4.185405005e+02     -2.613758259e+01     -2.180280587e-01     3.000000000e+00     1.109577597e-02     7.766168323e-04     -5.596780926e-01     6.682051890e-01     7.161063499e-01     1.309951712e-02     -3.699950009e-03
160.0000000000000000     4.771732298e+02     -3.889303923e+01     -1.978648739e-01     3.000000000e+00     -4.868537685e-02     1.239701527e-03     -3.215456828e-02     6.109376199e-01     9.168729033e-01     3.965283531e-02     -2.026806908e-03
180.0000000000000000     5.359582718e+02     -5.090905809e+01     -1.800003925e-01     3.000000000e+00     -2.749177989e-02     5.467465002e-04     3.368233182e-01     6.263748390e-01     1.099520066e+00     -2.755046659e-03     3.570528826e-03
200.0000000000000000     5.949685946e+02     -6.175987837e+01     -1.745329252e-01     3.000000000e+00     0.000000000e+00     0.000000000e+00     0.000000000e+00     6.024201667e-01     1.223420646e+00     -3.092728516e-02     -5.965996064e-03
