05 0
11 0
0.0000000000000000     2.496391144e-10     7.739165105e-11     0.000000000e+00     3.000000000e+00     0.000000000e+00     0.000000000e+00     0.000000000e+00     6.024201667e-01     0.000000000e+00     -1.787943518e-02     -8.060374281e-04
48.2241713000000018     1.447307377e+02     -1.443275818e-01     3.816483613e-02     3.000000000e+00     -1.205401865e-01     1.582809413e-03     -6.099999876e-01     7.082395732e-01     1.595509700e-01     -7.419080943e-03     5.194683357e-03
96.4483426000000037     2.897761829e+02     4.284375803e+00     1.751567487e-01     3.000000000e+00     -3.383066067e-01     4.098653176e-03     -6.099999887e-01     8.425416586e-01     2.802693231e-01     7.419080897e-03     3.752240873e-04
144.6725138999999842     4.335633690e+02     2.657868992e+01     4.073450477e-01     3.000000000e+00     -4.939845021e-01     5.530887062e-03     -6.099999890e-01     9.574400950e-01     4.291538359e-01     -7.419080912e-03     4.389956251e-03
192.8966852000000074     5.693588694e+02     7.962954962e+01     6.914712069e-01     3.000000000e+00     -5.813133229e-01     6.252670913e-03     -6.099999886e-01     1.022078713e+00     6.029246995e-01     7.419080930e-03     -1.709200267e-03
241.1208565000000021     6.857195024e+02     1.677406627e+02     1.000814796e+00     3.000000000e+00     -6.240085647e-01     6.576728969e-03     -6.099999833e-01     1.052955936e+00     7.880944092e-01     -7.419080710e-03     2.989770645e-03
289.3450277999999685     7.703185781e+02     2.867414583e+02     1.318422770e+00     3.000000000e+00     -6.353848153e-01     6.595419609e-03     -5.796035895e-01     1.049059411e+00     9.838899783e-01     8.679709689e-03     -3.151371125e-03
337.5691990999999916     8.141053423e+02     4.252436917e+02     1.565820895e+00     3.000000000e+00     -4.366802069e-01     3.664917390e-03     3.990847748e-01     7.927040906e-01     1.388516756e+00     3.190941139e-02     -7.480447460e-03
385.7933704000000148     8.223194006e+02     5.698471271e+02     1.638267443e+00     3.000000000e+00     -9.152848883e-02     -6.603432868e-04     6.099999945e-01     6.754683305e-01     1.856990144e+00     -2.316212910e-02     2.618331352e-03
434.0175417000000380     8.170888862e+02     7.144619974e+02     1.596570758e+00     3.000000000e+00     2.868022650e-02     -1.068942422e-03     -1.837113731e-01     6.128362329e-01     2.077678799e+00     -9.755445066e-03     -5.215870967e-03
482.2417130000000043     8.145333564e+02     8.590926633e+02     1.570796327e+00     3.000000000e+00     0.000000000e+00     0.000000000e+00     0.000000000e+00     6.024201667e-01     2.238910622e+00     1.737450282e-02     4.783885682e-03
