06 0
11 0
0.0000000000000000     2.496391144e-10     7.739165105e-11     0.000000000e+00     3.000000000e+00     0.000000000e+00     0.000000000e+00     0.000000000e+00     6.024201667e-01     0.000000000e+00     1.925508839e-02     1.086988708e-03
49.9999986800000045     1.500619243e+02     5.474687338e-02     -3.990093134e-02     3.000000000e+00     1.219580142e-01     -1.596036364e-03     6.099999794e-01     7.087587976e-01     1.670029693e-01     5.144911434e-03     3.166556636e-03
99.9999973600000089     3.004228785e+02     -5.129090373e+00     -1.824160737e-01     3.000000000e+00     3.403213787e-01     -4.104569016e-03     6.099999746e-01     8.435370539e-01     2.750240106e-01     -5.144911623e-03     2.224573757e-03
149.9999960399999850     4.491754482e+02     -2.986265662e+01     -4.215481502e-01     3.000000000e+00     4.906769566e-01     -5.460713834e-03     6.099999767e-01     9.535074500e-01     4.122329207e-01     5.144911706e-03     2.174242205e-03
199.9999947200000179     5.887830326e+02     -8.746585915e+01     -7.106269705e-01     3.000000000e+00     5.707457146e-01     -6.102438815e-03     6.099999782e-01     1.011969486e+00     5.716509529e-01     -5.144911648e-03     1.642393151e-04
249.9999933999999939     7.069972759e+02     -1.816599511e+02     -1.022500354e+00     3.000000000e+00     6.078021527e-01     -6.372496371e-03     6.099999680e-01     1.038340467e+00     7.427585284e-01     5.144911243e-03     8.905999232e-04
299.9999920799999700     7.911605939e+02     -3.071206288e+02     -1.331975858e+00     3.000000000e+00     5.912351399e-01     -6.006523673e-03     4.830413540e-01     9.807414379e-01     9.312547411e-01     -1.022325594e-02     -3.194561140e-03
349.9999907599999460     8.337933047e+02     -4.513932092e+02     -1.560727241e+00     3.000000000e+00     3.909968298e-01     -3.143531426e-03     -3.260736409e-01     7.489974653e-01     1.205935396e+00     -2.214134471e-02     -6.075198009e-03
399.9999894400000358     8.423479532e+02     -6.012977548e+02     -1.626676306e+00     3.000000000e+00     8.869334307e-02     5.055692161e-04     -4.690995059e-01     6.446620746e-01     1.479277002e+00     1.642030996e-02     1.901782272e-03
449.9999881200000118     8.382407669e+02     -7.512759505e+02     -1.592416696e+00     3.000000000e+00     -2.043837680e-02     8.648157094e-04     1.428739676e-01     6.087191853e-01     1.625570894e+00     8.058629628e-03     -3.339497883e-03
499.9999867999999879     8.361085265e+02     -9.012473723e+02     -1.570796327e+00     3.000000000e+00     0.000000000e+00     0.000000000e+00     0.000000000e+00     6.024201667e-01     1.749414169e+00     -1.377358847e-02     3.087537126e-03
