03 0
11 0
0.0000000000000000     2.496391144e-10     7.739165105e-11     0.000000000e+00     3.000000000e+00     0.000000000e+00     0.000000000e+00     0.000000000e+00     6.024201667e-01     0.000000000e+00     -1.062314443e-02     -5.931061924e-04
39.9811355800000001     1.199592798e+02     -2.749498121e-01     1.887376343e-02     3.000000000e+00     -7.038444165e-02     9.441334348e-04     -4.105588043e-01     6.479615186e-01     9.087177149e-02     -9.914481542e-03     2.871248186e-03
79.9622711600000002     2.400902867e+02     5.614638361e-01     9.628413018e-02     3.000000000e+00     -2.338952392e-01     2.928211142e-03     -6.100000000e-01     7.691591449e-01     1.748658381e-01     -6.228338956e-05     3.191492381e-03
119.9434067400000004     3.603237271e+02     8.659373831e+00     2.473499817e-01     3.000000000e+00     -3.971001059e-01     4.628645327e-03     -6.100000000e-01     8.842457766e-01     2.605902637e-01     6.228338956e-05     2.565554287e-03
159.9245423200000005     4.787124082e+02     3.274256732e+01     4.458962926e-01     3.000000000e+00     -4.860923773e-01     5.303354253e-03     -4.915087759e-01     9.130040685e-01     3.659196018e-01     5.865073221e-03     -1.126961234e-03
199.9056779000000006     5.904862739e+02     7.844120077e+01     6.401666113e-01     3.000000000e+00     -4.503925329e-01     4.414744842e-03     -1.623042628e-01     8.078538139e-01     4.880688145e-01     1.060291892e-02     -4.133032167e-03
239.8868134800000007     6.910805807e+02     1.446401666e+02     7.747365389e-01     3.000000000e+00     -3.048501405e-01     2.316926263e-03     2.085174676e-01     6.872193383e-01     5.947669954e-01     7.946915898e-03     -1.901537577e-03
279.8679490600000008     7.807444815e+02     2.245834051e+02     8.260632886e-01     3.000000000e+00     -1.290908654e-01     2.506221065e-04     3.522721932e-01     6.315416974e-01     6.606271174e-01     -7.557882078e-04     -8.836579968e-04
319.8490846400000009     8.644724799e+02     3.105252465e+02     8.165525701e-01     3.000000000e+00     -8.121555043e-03     -7.263824048e-04     1.327931512e-01     6.067379625e-01     7.278132318e-01     -1.022334176e-02     -3.571139100e-04
359.8302202200000011     9.475082810e+02     3.970748068e+02     7.937149684e-01     3.000000000e+00     1.400863389e-02     -4.160364581e-04     -9.492362626e-02     6.048596432e-01     7.930371087e-01     -1.167869322e-03     2.631536319e-04
399.8113558000000012     1.031767270e+03     4.824351830e+02     7.853981634e-01     3.000000000e+00     0.000000000e+00     0.000000000e+00     0.000000000e+00     6.024201667e-01     8.440557559e-01     5.916290039e-03     -3.851850084e-04
