04 0
11 0
0.0000000000000000     2.496391144e-10     7.739165105e-11     0.000000000e+00     3.000000000e+00     0.000000000e+00     0.000000000e+00     0.000000000e+00     6.024201667e-01     0.000000000e+00     1.303590636e-02     -2.809931062e-04
39.9998997200000019     1.200177510e+02     2.904303574e-01     -2.016080377e-02     3.000000000e+00     7.501511313e-02     -1.008042716e-03     4.496615887e-01     6.563918894e-01     1.012537461e-01     9.447229442e-03     2.979586009e-03
79.9997994400000039     2.402155248e+02     -6.509894990e-01     -1.004907019e-01     3.000000000e+00     2.405860428e-01     -3.008462258e-03     6.099997825e-01     7.735719027e-01     1.847023544e-01     -1.430299652e-03     2.879429344e-03
119.9996991600000058     3.604721688e+02     -9.206580016e+00     -2.527016333e-01     3.000000000e+00     3.964657208e-01     -4.602103394e-03     6.099994629e-01     8.830795812e-01     2.712210463e-01     1.430283672e-03     2.595968307e-03
159.9995988800000077     4.787776173e+02     -3.393071992e+01     -4.500587846e-01     3.000000000e+00     4.831439727e-01     -5.265778909e-03     5.144076993e-01     9.163805800e-01     3.780385576e-01     -6.209883832e-03     -9.309141921e-04
199.9994986000000097     5.903876683e+02     -8.015186353e+01     -6.432440995e-01     3.000000000e+00     4.478415720e-01     -4.393511054e-03     1.653878155e-01     8.065184954e-01     5.047730684e-01     -1.124115411e-02     -4.562203812e-03
239.9993983200000116     6.907783982e+02     -1.467348878e+02     -7.762595058e-01     3.000000000e+00     2.995312304e-01     -2.257275937e-03     -2.144374467e-01     6.846119318e-01     6.138412686e-01     -7.750156611e-03     -1.533139647e-03
279.9992980399999851     7.803024228e+02     -2.269074953e+02     -8.254813390e-01     3.000000000e+00     1.240059725e-01     -2.038218908e-04     -3.407310166e-01     6.291913876e-01     6.789172993e-01     1.435462286e-03     -1.237894511e-03
319.9991977600000155     8.640606316e+02     -3.128950256e+02     -8.152774934e-01     3.000000000e+00     7.120177742e-03     7.140154488e-04     -1.168667467e-01     6.059237347e-01     7.444612060e-01     9.757779269e-03     7.450894776e-05
359.9990974800000458     9.472137603e+02     -3.994098040e+02     -7.931976918e-01     3.000000000e+00     -1.294695490e-02     3.899773988e-04     9.430855514e-02     6.047475912e-01     8.076086813e-01     8.010122947e-04     -1.333162704e-04
399.9989972000000193     1.031549650e+03     -4.847736799e+02     -7.853981634e-01     3.000000000e+00     0.000000000e+00     0.000000000e+00     0.000000000e+00     6.024201667e-01     8.575445230e-01     -5.516451874e-03     1.694475284e-05
