08 0
11 0
0.0000000000000000     2.496391144e-10     7.739165105e-11     0.000000000e+00     3.000000000e+00     0.000000000e+00     0.000000000e+00     0.000000000e+00     6.024201667e-01     0.000000000e+00     1.609542295e-02     -5.315765624e-05
79.9939730300000065     2.401604371e+02     -3.586324691e+00     -9.197267842e-02     3.000000000e+00     1.866532212e-01     -2.299490198e-03     6.100000000e-01     7.388915935e-01     2.177624449e-01     -8.442739697e-04     3.465200380e-03
159.9879460600000129     4.782401009e+02     -3.634299377e+01     -3.984692153e-01     3.000000000e+00     4.716621530e-01     -5.363500533e-03     6.100000000e-01     9.416902107e-01     3.960818410e-01     8.442739697e-04     1.605147036e-03
239.9819190899999626     6.921261649e+02     -1.413667780e+02     -8.647708333e-01     3.000000000e+00     5.954874771e-01     -6.294918228e-03     6.100000000e-01     1.030009794e+00     6.315344617e-01     -8.442739697e-04     6.030089133e-04
319.9758921200000259     8.358661008e+02     -3.301155383e+02     -1.376587651e+00     3.000000000e+00     6.270083003e-01     -6.501466263e-03     6.100000000e-01     1.051607532e+00     8.922479231e-01     8.442739697e-04     -6.302478126e-05
399.9698651499999755     8.690433327e+02     -5.647782185e+02     -1.898164120e+00     3.000000000e+00     6.336066280e-01     -6.538927889e-03     6.100000000e-01     1.055956778e+00     1.159322203e+00     -8.442739697e-04     1.717641138e-04
479.9638381799999252     7.809987979e+02     -7.847629963e+02     -2.421514958e+00     3.000000000e+00     6.349030324e-01     -6.545828826e-03     6.100000000e-01     1.056765561e+00     1.427708988e+00     8.442739697e-04     -1.515430103e-04
559.9578112099999316     5.969619579e+02     -9.340053458e+02     -2.881070973e+00     3.000000000e+00     5.205303142e-01     -4.943937154e-03     2.658602145e-01     8.674196877e-01     1.696392103e+00     -9.448416820e-03     -4.582460476e-03
639.9517842400000518     3.665254849e+02     -9.955675971e+02     -3.127835380e+00     3.000000000e+00     2.222033574e-01     -1.225637817e-03     -3.058052483e-01     6.516278975e-01     1.891381423e+00     -4.844296521e-03     -8.127407401e-04
719.9457572699999446     1.266820851e+02     -1.004769102e+03     -3.159224926e+00     3.000000000e+00     1.949920274e-02     4.408400307e-04     1.061507638e-02     6.021270329e-01     2.060633184e+00     1.275540064e-02     -4.248741111e-04
799.9397302999999511     -1.132949329e+02     -1.003433286e+03     -3.141592654e+00     3.000000000e+00     0.000000000e+00     0.000000000e+00     0.000000000e+00     6.024201667e-01     2.280716137e+00     -1.302079754e-02     4.322030063e-04
