01 0
31 0
0.0000000000000000     2.496391144e-10     7.739165105e-11     0.000000000e+00     3.000000000e+00     0.000000000e+00     0.000000000e+00     0.000000000e+00     6.024201667e-01     0.000000000e+00     -6.300297043e-03     -1.790280051e-02
36.6666666630000009     1.079065314e+02     -3.746708619e-01     1.347530160e-02     2.885273420e+00     -5.932073113e-02     7.350164510e-04     -2.819750645e-01     -4.869541050e-04     1.422699634e-01     -9.080161019e-03     -1.498304244e-02
73.3333333369999991     2.091598652e+02     -9.014105068e-01     6.687930590e-02     2.630648519e+00     -1.845119742e-01     2.177929238e-03     -5.085190531e-01     -4.838407878e-01     2.371362022e-01     -3.276783818e-03     -1.138171213e-02
110.0000000000000000     2.992097132e+02     3.839051914e-01     1.686320827e-01     2.255604068e+00     -3.044832591e-01     3.372222225e-03     -5.614522221e-01     -7.632855203e-01     3.105336355e-01     3.895200563e-04     -3.860727831e-03
146.6666666300000088     3.740917904e+02     4.916864055e+00     3.027612755e-01     1.777795174e+00     -3.784245527e-01     3.943915563e-03     -5.116451939e-01     -8.004653967e-01     3.821870374e-01     2.327226937e-03     1.832734576e-03
183.3333333699999912     4.329695278e+02     1.235922938e+01     4.451293422e-01     1.367242511e+00     -3.895632373e-01     3.821615346e-03     -4.064089615e-01     -6.501685706e-01     4.518498397e-01     3.412931196e-03     6.365274122e-03
220.0000000000000000     4.792629832e+02     2.221787346e+01     5.755824817e-01     1.105999632e+00     -3.592608320e-01     3.294010447e-03     -2.701564633e-01     -4.486106299e-01     5.026211296e-01     4.019023252e-03     4.628795367e-03
256.6666666300000088     5.171862975e+02     3.443102189e+01     6.849692683e-01     9.632441725e-01     -3.148997281e-01     2.672541548e-03     -1.183815516e-01     -2.794240623e-01     5.320786396e-01     4.259608296e-03     4.599562865e-03
293.3333333699999912     5.496183345e+02     4.891156896e+01     7.726208463e-01     8.861116770e-01     -2.711915590e-01     2.108453620e-03     3.722412883e-02     -1.517296201e-01     5.491473253e-01     4.227974271e-03     2.365588529e-03
330.0000000000000000     5.781612691e+02     6.530957999e+01     8.413617118e-01     8.390417957e-01     -2.332282928e-01     1.641048130e-03     1.876235100e-01     -6.442283152e-02     5.588956612e-01     3.975628340e-03     2.396599941e-03
366.6666666299999520     6.036919306e+02     8.312379979e+01     8.943634578e-01     8.039997326e-01     -2.003098889e-01     1.249956200e-03     3.308585195e-01     3.889300182e-02     5.677803826e-01     3.837190360e-03     3.238809150e-03
403.3333333699999912     6.268919536e+02     1.021128932e+02     9.334101357e-01     7.899009977e-01     -1.690630917e-01     8.798625957e-04     4.686562030e-01     2.381547070e-01     5.887602187e-01     3.679046918e-03     7.630011135e-03
440.0000000000000000     6.488573981e+02     1.234609020e+02     9.529491296e-01     8.567634732e-01     -1.176158618e-01     1.859007058e-04     5.729052450e-01     5.810924898e-01     6.468343948e-01     2.007264467e-03     1.107568611e-02
476.6666666300000088     6.720357136e+02     1.517199683e+02     9.267438738e-01     1.132182260e+00     9.649228864e-03     -1.615278291e-03     6.099999975e-01     1.022126598e+00     7.769868822e-01     1.608566982e-05     1.298071982e-02
513.3333333699999912     7.026327345e+02     1.940451257e+02     8.115273023e-01     1.699860657e+00     2.389688503e-01     -4.669261975e-03     6.100000000e-01     1.410694486e+00     9.871617089e-01     -1.608553590e-05     8.213892249e-03
550.0000000000000000     7.496193146e+02     2.491201885e+02     6.046295220e-01     2.201716106e+00     4.315390527e-01     -6.616071497e-03     6.100000000e-01     1.159685227e+00     1.270923139e+00     1.608553590e-05     -2.190530637e-02
586.6666666300000088     8.125608211e+02     3.011033800e+02     3.740871362e-01     2.187022296e+00     4.615654847e-01     -5.958967728e-03     6.100000000e-01     2.311626085e-02     1.727537057e+00     -1.608553590e-05     -4.008936453e-02
623.3333333699999912     8.758710645e+02     3.359517699e+02     1.894263567e-01     1.684340840e+00     3.612976478e-01     -4.113438429e-03     6.100000000e-01     -1.015105323e+00     2.129046428e+00     1.608553590e-05     -1.654090370e-02
660.0000000000000000     9.218515354e+02     3.532067507e+02     7.430973127e-02     9.392855499e-01     2.000101233e-01     -2.165650229e-03     6.100000000e-01     -1.211093364e+00     2.322827537e+00     -1.608553590e-05     5.850646913e-03
696.6666666300000088     9.448775736e+02     3.595774185e+02     2.067563483e-02     3.356686894e-01     7.137456606e-02     -7.598459404e-04     6.100000000e-01     -8.843800165e-01     2.479059799e+00     1.608553590e-05     1.197008116e-02
733.3333333699999912     9.523608209e+02     3.613070351e+02     3.681081778e-03     7.411434836e-02     1.577102925e-02     -1.671296806e-04     6.100000000e-01     -4.846634190e-01     2.578989704e+00     -1.608553590e-05     9.832642339e-03
770.0000000000000000     9.538539813e+02     3.616301406e+02     3.106672219e-04     7.389812155e-03     1.577896155e-03     -1.671111346e-05     6.099999997e-01     -1.716214807e-01     2.620870206e+00     1.608551774e-05     7.242372478e-03
806.6666666299998951     9.539894947e+02     3.616592035e+02     3.272632081e-06     2.317424155e-06     5.059988141e-06     -5.586421436e-08     5.916261233e-01     -6.457091771e-03     2.632870966e+00     -1.018296957e-03     1.766594188e-03
843.3333333700001049     9.539895372e+02     3.616593445e+02     1.714915615e-06     0.000000000e+00     2.629253321e-06     -2.910218549e-08     5.342631640e-01     5.691681166e-03     2.634677400e+00     -2.110591732e-03     -1.103933846e-03
880.0000000000000000     9.539895976e+02     3.616594191e+02     8.928685359e-07     3.295225538e-06     1.440094957e-06     -1.573679328e-08     4.501748328e-01     -4.378422629e-03     2.636900716e+00     -2.476044513e-03     5.546554576e-04
916.6666666300000088     9.539896580e+02     3.616594521e+02     5.315089865e-07     0.000000000e+00     3.590063966e-07     -3.973774762e-09     3.591336677e-01     2.438745680e-03     2.639225141e+00     -2.489837223e-03     -1.828099134e-04
953.3333333699999912     9.539896851e+02     3.616594648e+02     3.925800125e-07     1.477735888e-06     3.338475102e-07     -3.604216448e-09     2.696828235e-01     -1.296239441e-04     2.641415071e+00     -2.389299730e-03     4.271702488e-05
990.0000000000000000     9.539897395e+02     3.616594770e+02     2.606590442e-07     1.488766227e-06     3.327630577e-07     -3.591519896e-09     1.854405146e-01     2.488521352e-04     2.643354070e+00     -2.205735300e-03     -2.207287510e-05
1026.6666666300000088     9.539897941e+02     3.616594891e+02     1.296656577e-07     1.489622267e-06     3.293439903e-07     -3.553621084e-09     1.093028180e-01     -2.416265398e-04     2.644941282e+00     -1.947229971e-03     -4.680507170e-06
1063.3333333699999912     9.539898350e+02     3.616594982e+02     3.225753651e-08     7.384063452e-07     1.630762848e-07     -1.759596330e-09     4.355616067e-02     -1.719984340e-03     2.646130118e+00     -1.638951338e-03     -7.595719104e-05
1100.0000000000000000     9.539898485e+02     3.616595012e+02     0.000000000e+00     0.000000000e+00     0.000000000e+00     0.000000000e+00     0.000000000e+00     0.000000000e+00     2.646728623e+00     -7.368392443e-04     1.697745187e-04
