01 0
31 0
0.0000000000000000     2.496391144e-10     7.739165105e-11     0.000000000e+00     3.000000000e+00     0.000000000e+00     0.000000000e+00     0.000000000e+00     6.024201667e-01     0.000000000e+00     -6.215891116e-03     -2.070341833e-02
29.9999999969999998     8.861481237e+01     -3.051710389e-01     8.386553713e-03     2.907381285e+00     -4.472893239e-02     5.591035808e-04     -2.381354523e-01     -3.344376456e-02     1.710206025e-01     -9.659805702e-03     -2.168751042e-02
60.0000000029999967     1.724324117e+02     -1.110762093e+00     4.370544858e-02     2.676168798e+00     -1.504309103e-01     1.795489410e-03     -4.499442395e-01     -6.137938289e-01     3.189208600e-01     -4.460780111e-03     -1.700249387e-02
90.0000000000000000     2.472498751e+02     -1.683255356e+00     1.167528320e-01     2.291375228e+00     -2.735845924e-01     3.074336148e-03     -5.287351453e-01     -9.251198348e-01     4.229412421e-01     -7.919469472e-04     -3.752573187e-03
119.9999999699999904     3.096739086e+02     -1.094307605e+00     2.207593623e-01     1.818613903e+00     -3.629635450e-01     3.859432542e-03     -5.202663775e-01     -8.795757316e-01     5.056643905e-01     1.356531467e-03     6.788846728e-03
150.0000000299999954     3.599749372e+02     1.317030355e+00     3.370844936e-01     1.453653409e+00     -3.858010207e-01     3.895576208e-03     -4.587615968e-01     -6.412952891e-01     5.797160194e-01     2.743787249e-03     9.096516108e-03
180.0000000000000000     4.016248251e+02     6.218324066e+00     4.476866278e-01     1.242279389e+00     -3.635188485e-01     3.477899403e-03     -3.649817465e-01     -4.000017918e-01     6.281385588e-01     3.508202770e-03     6.989717045e-03
209.9999999700000046     4.377896176e+02     1.394073091e+01     5.440441015e-01     1.127825512e+00     -3.260795363e-01     2.945932182e-03     -2.505489311e-01     -2.328241198e-01     6.520896301e-01     4.120651592e-03     4.155461085e-03
240.0000000299999954     4.702001148e+02     2.429418999e+01     6.249865081e-01     1.058341309e+00     -2.882377186e-01     2.450228257e-03     -1.202797890e-01     -1.360684127e-01     6.644137048e-01     4.563957880e-03     2.294919390e-03
270.0000000000000000     4.996845648e+02     3.679536744e+01     6.920550972e-01     1.008582536e+00     -2.541175180e-01     2.021011013e-03     2.049640520e-02     -7.109374273e-02     6.734974815e-01     4.821121731e-03     2.036725277e-03
299.9999999699999762     5.267034300e+02     5.091731398e+01     7.471554044e-01     9.681660910e-01     -2.240953041e-01     1.652342807e-03     1.640037650e-01     -2.663687900e-02     6.813732198e-01     4.746035587e-03     9.270656388e-04
330.0000000299999670     5.515734031e+02     6.622031870e+01     7.916675583e-01     9.336722473e-01     -1.959008162e-01     1.315134115e-03     3.013634044e-01     2.579417055e-02     6.888510884e-01     4.411273709e-03     2.568337664e-03
360.0000000000000000     5.746357488e+02     8.245483336e+01     8.265350907e-01     9.113921177e-01     -1.694482468e-01     1.009368047e-03     4.262637470e-01     1.642175031e-01     7.029555966e-01     3.915415797e-03     6.659884505e-03
389.9999999700000330     5.965258594e+02     9.997556696e+01     8.502787716e-01     9.334694408e-01     -1.349563447e-01     5.735440105e-04     5.259578753e-01     4.573741849e-01     7.485532607e-01     2.730859424e-03     1.288389428e-02
420.0000000300000238     6.188841547e+02     1.213243459e+02     8.480035563e-01     1.119583348e+00     -4.356977638e-02     -7.252250246e-04     5.881669434e-01     9.704958515e-01     8.948777768e-01     1.416411779e-03     2.132421682e-02
450.0000000000000000     6.455503772e+02     1.516880954e+02     7.868470619e-01     1.568515158e+00     1.454688655e-01     -3.351874608e-03     6.100000000e-01     1.365971368e+00     1.093547048e+00     3.912532966e-05     5.040817580e-03
479.9999999699999762     6.808546356e+02     1.914067208e+02     6.584510980e-01     1.944829809e+00     3.090688349e-01     -5.207856314e-03     6.100000000e-01     9.639449219e-01     1.375229517e+00     -3.912532860e-05     -3.184258063e-02
510.0000000299999670     7.239906542e+02     2.315746201e+02     5.053739527e-01     1.937732681e+00     3.488647646e-01     -4.997286705e-03     6.099999999e-01     4.746387737e-02     1.697625782e+00     3.912532401e-05     -2.925615567e-02
540.0000000000000000     7.695312547e+02     2.642312086e+02     3.683536131e-01     1.744400136e+00     3.275778022e-01     -4.137402602e-03     6.100000000e-01     -4.441069156e-01     1.836844935e+00     -3.912532054e-05     -3.515230527e-03
569.9999999699999762     8.133005037e+02     2.882456325e+02     2.556792243e-01     1.531472597e+00     2.893257465e-01     -3.374223320e-03     6.099999999e-01     -5.624941922e-01     1.864686354e+00     3.912531498e-05     -4.377254574e-03
600.0000000300000238     8.529479754e+02     3.050290343e+02     1.645367360e-01     1.291953942e+00     2.433300591e-01     -2.701942566e-03     6.099999998e-01     -6.741135665e-01     1.903656413e+00     -3.912532145e-05     -3.064037048e-03
630.0000000000000000     8.863081221e+02     3.160219113e+02     9.367463986e-02     1.011325918e+00     1.874233155e-01     -2.022197179e-03     6.099999999e-01     -7.940251422e-01     1.957531682e+00     3.912532522e-05     -4.930068001e-03
659.9999999699999762     9.113671471e+02     3.225126910e+02     4.399843087e-02     6.872460180e-01     1.214094482e-01     -1.289550087e-03     6.100000000e-01     -8.787918874e-01     2.024379763e+00     -3.912531609e-05     -7.210483477e-04
690.0000000300000238     9.272845243e+02     3.257458895e+02     1.547483335e-02     3.808629346e-01     5.814002945e-02     -6.120230807e-04     5.986460487e-01     -7.968281032e-01     2.093598417e+00     -7.178047688e-04     6.185300633e-03
720.0000000000000000     9.357756201e+02     3.269806750e+02     3.541673239e-03     1.862190131e-01     1.763299398e-02     -1.835209265e-04     5.546739048e-01     -5.333974297e-01     2.160939146e+00     -2.213671494e-03     1.137674426e-02
749.9999999699999762     9.402879445e+02     3.272968542e+02     3.840019507e-04     1.146672916e-01     2.742171599e-03     -2.699049270e-05     4.787204776e-01     -2.384291714e-01     2.207971443e+00     -2.849890320e-03     8.287806294e-03
780.0000000300000238     9.435329129e+02     3.273405118e+02     -2.246142771e-05     1.016649913e-01     1.265867217e-04     -1.070658586e-07     3.877765333e-01     -6.725425155e-02     2.225266920e+00     -3.213039300e-03     3.123855028e-03
810.0000000000000000     9.465659981e+02     3.273421606e+02     -1.209618128e-05     1.005406880e-01     -1.316325338e-05     7.980822870e-07     2.874385177e-01     -1.328796765e-02     2.230336962e+00     -3.476161737e-03     4.738972322e-04
839.9999999699999762     9.495794151e+02     3.273421706e+02     1.587612508e-06     1.003537770e-01     1.488630766e-05     1.141706323e-07     1.821644767e-01     -7.376506890e-03     2.234076532e+00     -3.542107664e-03     -7.979984840e-05
870.0000000300000238     9.525874510e+02     3.273426423e+02     1.650085997e-06     1.001819515e-01     1.623144666e-05     -1.100057331e-07     7.724760500e-02     -7.453517993e-03     2.237753060e+00     -3.452350450e-03     7.466577492e-05
900.0000000000000000     9.555901803e+02     3.273428882e+02     0.000000000e+00     1.000000000e-01     0.000000000e+00     0.000000000e+00     0.000000000e+00     0.000000000e+00     2.240003168e+00     -1.697489883e-03     4.222354246e-04
