01 0
31 0
0.0000000000000000     2.496391144e-10     7.739165105e-11     0.000000000e+00     -4.129314173e-01     4.603597850e-02     8.548229383e-05     0.000000000e+00     6.024201667e-01     0.000000000e+00     5.223063004e-04     1.696159942e-01
0.0000000000000000     -2.019089752e-08     2.023210917e-09     2.162607662e-12     -4.129314173e-01     4.603597850e-02     8.548229383e-05     5.962104418e-12     6.024201666e-01     -1.114157284e-10     1.095584275e-03     1.686279244e-01
0.0000000000000000     -3.039181536e-08     2.993123078e-09     3.229900512e-12     -4.129314173e-01     4.603597850e-02     8.548229382e-05     8.913528153e-12     6.024201666e-01     -1.477681733e-10     1.210044540e-03     1.739015473e-02
0.0000000000000000     -4.056684468e-08     3.958185922e-09     4.270878640e-12     -4.129314173e-01     4.603597850e-02     8.548229382e-05     1.180337138e-11     6.024201665e-01     -1.841628816e-10     1.347015639e-03     -1.347967839e-01
0.0000000000000000     -5.071240811e-08     4.916581710e-09     5.272734524e-12     -4.129314173e-01     4.603597850e-02     8.548229381e-05     1.459682629e-11     6.024201665e-01     -2.206979003e-10     1.444984786e-03     -1.354465253e-01
0.0000000000000000     -6.082719031e-08     5.866509594e-09     6.222469695e-12     -4.129314173e-01     4.603597850e-02     8.548229381e-05     1.725654752e-11     6.024201664e-01     -2.574168819e-10     1.457310611e-03     -1.384004480e-01
0.0000000000000000     -7.091016923e-08     6.806148243e-09     7.107474930e-12     -4.129314173e-01     4.603597850e-02     8.548229380e-05     1.974416159e-11     6.024201664e-01     -2.944947403e-10     1.356919178e-03     -1.440004029e-01
0.0000000000000000     -8.095830682e-08     7.733616609e-09     7.916162837e-12     -4.129314174e-01     4.603597850e-02     8.548229378e-05     2.202263038e-11     6.024201664e-01     -3.396580217e-10     1.119137016e-03     -1.526090460e-01
0.0000000000000000     -9.096418774e-08     8.646938939e-09     8.638576490e-12     -4.129314174e-01     4.603597850e-02     8.548229377e-05     2.405920882e-11     6.024201663e-01     -3.764088205e-10     7.546109547e-04     -1.692443613e-02
0.0000000000000000     -1.009138737e-07     9.544018983e-09     9.266908224e-12     -4.129314174e-01     4.603597850e-02     8.548229376e-05     2.582855217e-11     6.024201663e-01     -4.127431456e-10     3.508016228e-04     1.235877852e-01
0.0000000000000000     -1.107858532e-07     1.042263533e-08     9.795734557e-12     -4.129314174e-01     4.603597850e-02     8.548229374e-05     2.731467648e-11     6.024201663e-01     -4.483954934e-10     1.025453274e-05     1.184658172e-01
0.0000000000000000     -1.205516951e-07     1.128046337e-08     1.022184778e-11     -4.129314175e-01     4.603597850e-02     8.548229373e-05     2.851071278e-11     6.024201663e-01     -4.831494082e-10     -2.266849022e-04     1.155341040e-01
0.0000000000000000     -1.301778234e-07     1.211511238e-08     1.054383207e-11     -4.129314175e-01     4.603597850e-02     8.548229372e-05     2.941699539e-11     6.024201663e-01     -5.168556802e-10     -3.552128912e-04     1.149378816e-01
0.0000000000000000     -1.396275341e-07     1.292416368e-08     1.076159113e-11     -4.129314175e-01     4.603597850e-02     8.548229370e-05     3.003861126e-11     6.024201663e-01     -5.494310806e-10     -3.713630034e-04     1.168712750e-01
0.0000000000000000     -1.488629780e-07     1.370520510e-08     1.087589512e-11     -4.129314175e-01     4.603597851e-02     8.548229369e-05     3.038283711e-11     6.024201663e-01     -5.808581753e-10     -2.713869653e-04     1.215893370e-01
0.0000000000000000     -1.578471434e-07     1.445586099e-08     1.088794599e-11     -4.129314176e-01     4.603597851e-02     8.548229368e-05     3.045648501e-11     6.024201663e-01     -6.111863403e-10     -8.222664148e-05     4.904236939e-03
0.0000000000000000     -1.665456219e-07     1.517381511e-08     1.079901135e-11     -4.129314176e-01     4.603597851e-02     8.548229366e-05     3.026352077e-11     6.024201663e-01     -6.405168687e-10     1.070534509e-04     -1.221133361e-01
0.0000000000000000     -1.749274150e-07     1.585682017e-08     1.061027803e-11     -4.129314176e-01     4.603597851e-02     8.548229365e-05     2.980402706e-11     6.024201663e-01     -6.689533588e-10     2.061531990e-04     -1.278489644e-01
0.0000000000000000     -1.829642368e-07     1.650269300e-08     1.032302377e-11     -4.129314176e-01     4.603597851e-02     8.548229364e-05     2.907524063e-11     6.024201663e-01     -6.965492193e-10     1.851254780e-04     -1.373113957e-01
0.0000000000000000     -1.906287472e-07     1.710930401e-08     9.938998519e-12     -4.129314177e-01     4.603597851e-02     8.548229362e-05     2.807398325e-11     6.024201663e-01     -7.259205299e-10     4.397738286e-05     -1.511673053e-01
0.0000000000000000     -1.978924165e-07     1.767457006e-08     9.460857716e-12     -4.129314177e-01     4.603597851e-02     8.548229361e-05     2.679944284e-11     6.024201662e-01     -7.696382470e-10     -2.175890486e-04     -1.703423697e-01
0.0000000000000000     -2.047232171e-07     1.819645429e-08     8.892597267e-12     -4.129314177e-01     4.603597851e-02     8.548229360e-05     2.525595356e-11     6.024201662e-01     -7.942725570e-10     -5.625573117e-04     2.623719212e-03
0.0000000000000000     -2.110834774e-07     1.867297571e-08     8.239917949e-12     -4.129314178e-01     4.603597851e-02     8.548229359e-05     2.345533828e-11     6.024201663e-01     -8.224097321e-10     -8.827691854e-04     2.092523999e-01
0.0000000000000000     -2.169290919e-07     1.910223204e-08     7.510288963e-12     -4.129314178e-01     4.603597851e-02     8.548229358e-05     2.141756214e-11     6.024201663e-01     -9.440383687e-10     -1.077366274e-03     2.256067736e-01
0.0000000000000000     -2.222110479e-07     1.948243289e-08     6.712544043e-12     -4.129314178e-01     4.603597851e-02     8.548229357e-05     1.916896355e-11     6.024201663e-01     -1.107739357e-09     -1.123058192e-03     2.531215158e-01
0.0000000000000000     -2.268787106e-07     1.981193160e-08     5.856149019e-12     -4.129314178e-01     4.603597851e-02     8.548229356e-05     1.673904208e-11     6.024201663e-01     -1.154981520e-09     -1.065534886e-03     3.138486446e-02
0.0000000000000000     -2.308833219e-07     2.008924598e-08     4.950459372e-12     -4.129314178e-01     4.603597851e-02     8.548229355e-05     1.415749758e-11     6.024201664e-01     -1.216540425e-09     -1.007534455e-03     -2.787980987e-01
0.0000000000000000     -2.341797070e-07     2.031306696e-08     4.004350705e-12     -4.129314178e-01     4.603597851e-02     8.548229355e-05     1.145297846e-11     6.024201664e-01     -1.583623132e-09     -1.033997566e-03     -3.567840928e-01
0.0000000000000000     -2.367246544e-07     2.048226474e-08     3.026486696e-12     -4.129314178e-01     4.603597851e-02     8.548229354e-05     8.653991716e-12     6.024201664e-01     -1.764308212e-09     -1.133123434e-03     -1.702402677e-01
0.0000000000000000     -2.384729038e-07     2.059590577e-08     2.026012106e-12     -4.129314179e-01     4.603597851e-02     8.548229354e-05     5.790655438e-12     6.024201665e-01     -1.829171285e-09     -1.225332472e-03     2.757637675e-01
0.0000000000000000     -2.393740985e-07     2.065327890e-08     0.000000000e+00     -4.129314179e-01     4.603597851e-02     8.548229354e-05     0.000000000e+00     6.024201667e-01     -2.284572634e-09     -6.287841540e-04     5.044252544e-01
