03 0
31 0
0.0000000000000000     0.000000000e+00     0.000000000e+00     0.000000000e+00     3.000000000e+00     0.000000000e+00     0.000000000e+00     0.000000000e+00     6.024201667e-01     0.000000000e+00     -7.962596483e-03     -1.861392293e-04
13.3319374086668070     3.999585728e+01     -4.171725907e-02     8.900682945e-04     3.000000000e+00     -8.928452130e-03     1.335242234e-04     -1.474607079e-01     6.071887414e-01     3.227656086e-02     -1.415882569e-02     9.015003330e-04
26.6638748213331951     7.999270732e+01     -2.193956474e-01     5.263940843e-03     3.000000000e+00     -3.618855575e-02     5.226253540e-04     -3.140894895e-01     6.261394052e-01     6.898853585e-02     -1.083810858e-02     1.941396869e-03
39.9958122300000056     1.199954709e+02     -5.641782442e-01     1.610788425e-02     3.000000000e+00     -7.965839693e-02     1.104136470e-03     -4.388669619e-01     6.561413916e-01     9.809598611e-02     -7.880472017e-03     2.559372303e-03
53.3277496266680657     1.600162580e+02     -9.574594027e-01     3.534044608e-02     3.000000000e+00     -1.337546387e-01     1.781049865e-03     -5.264109933e-01     6.944162080e-01     1.234393110e-01     -5.252507645e-03     3.182451295e-03
66.6596870633319440     2.000726503e+02     -1.154833112e+00     6.377638124e-02     3.000000000e+00     -1.935302244e-01     2.484787018e-03     -5.807856966e-01     7.377579599e-01     1.477782617e-01     -2.904551843e-03     3.319492208e-03
79.9916244600000113     2.401790148e+02     -8.305748533e-01     1.014259907e-01     3.000000000e+00     -2.544832492e-01     3.163245716e-03     -6.053978310e-01     7.814016707e-01     1.729060862e-01     -7.876548626e-04     3.227749863e-03
93.3235618566680643     2.803328851e+02     3.873776892e-01     1.476926674e-01     3.000000000e+00     -3.127428190e-01     3.777482450e-03     -6.100000000e-01     8.223525263e-01     1.999435332e-01     9.725722621e-05     2.915521639e-03
106.6554992933319426     3.205007291e+02     2.884470792e+00     2.015669665e-01     3.000000000e+00     -3.655428995e-01     4.304508557e-03     -6.040059246e-01     8.585840042e-01     2.292425410e-01     8.019482244e-04     2.519769103e-03
119.9874366899999956     3.606065632e+02     7.032077329e+00     2.617527491e-01     3.000000000e+00     -4.105731607e-01     4.724304095e-03     -5.828912162e-01     8.854890410e-01     2.606569229e-01     2.365589660e-03     1.516408974e-03
133.3193740866680628     4.005243222e+02     1.316892201e+01     3.266257250e-01     3.000000000e+00     -4.451949672e-01     5.007661168e-03     -5.421327591e-01     8.986422851e-01     2.939635986e-01     3.748819056e-03     4.567842177e-04
146.6513115233319411     4.400771352e+02     2.158009340e+01     3.941884092e-01     3.000000000e+00     -4.670793488e-01     5.127802583e-03     -4.842184859e-01     8.970607082e-01     3.288148005e-01     4.939231505e-03     -6.940455823e-04
159.9832489200000225     4.790487276e+02     3.246886795e+01     4.621885541e-01     3.000000000e+00     -4.749924420e-01     5.073287146e-03     -4.118570722e-01     8.814343298e-01     3.646173506e-01     5.916117051e-03     -1.650156603e-03
173.3151863166680755     5.172073011e+02     4.593306526e+01     5.283399238e-01     3.000000000e+00     -4.689756921e-01     4.850457276e-03     -3.280720441e-01     8.543684735e-01     4.006039587e-01     6.652953068e-03     -2.410146930e-03
186.6471237533319538     5.543365178e+02     6.195616964e+01     5.905463582e-01     3.000000000e+00     -4.502569320e-01     4.481484889e-03     -2.362642000e-01     8.194011996e-01     4.358808914e-01     7.119665456e-03     -2.835493346e-03
199.9790611500000068     5.902654504e+02     8.041562379e+01     6.470763488e-01     3.000000000e+00     -4.208886769e-01     3.998901537e-03     -1.402394296e-01     7.807477655e-01     4.695363521e-01     7.285558251e-03     -2.963128852e-03
213.3109985466680598     6.248897154e+02     1.011052911e+02     6.966582155e-01     3.000000000e+00     -3.832674072e-01     3.439157203e-03     -4.419186249e-02     7.421886097e-01     5.007784912e-01     7.123085321e-03     -2.821350128e-03
226.6429359833319381     6.581798434e+02     1.237650338e+02     7.384946972e-01     3.000000000e+00     -3.397255850e-01     2.836972128e-03     4.736520339e-02     7.070298050e-01     5.290191071e-01     6.611912538e-03     -2.453022770e-03
239.9748733799999911     6.901777537e+02     1.481097048e+02     7.722173568e-01     3.000000000e+00     -2.923069535e-01     2.221956451e-03     1.297192780e-01     6.773054770e-01     5.539715271e-01     5.742492088e-03     -2.006093269e-03
253.3068107766680441     7.209853032e+02     1.738522245e+02     7.978124422e-01     3.000000000e+00     -2.427215346e-01     1.617708339e-03     1.981273454e-01     6.541521465e-01     5.756745449e-01     4.519792422e-03     -1.467269950e-03
266.6387482133319509     7.507495070e+02     2.007187039e+02     8.155484932e-01     3.000000000e+00     -1.924460604e-01     1.042977870e-03     2.480326293e-01     6.373570747e-01     5.945213830e-01     2.966783962e-03     -1.052254608e-03
279.9706856099999754     7.796479465e+02     2.284560865e+02     8.259283710e-01     3.000000000e+00     -1.429149674e-01     5.141668291e-04     2.753410520e-01     6.261275506e-01     6.112571995e-01     1.129908356e-03     -6.323503641e-04
293.3026230066680569     8.078761375e+02     2.568341185e+02     8.296795130e-01     3.000000000e+00     -9.575953415e-02     4.856338866e-05     2.768038806e-01     6.188694734e-01     6.269371850e-01     -9.104610920e-04     -4.564752159e-04
306.6345604433319636     8.356369252e+02     2.856439682e+02     8.277847513e-01     3.000000000e+00     -5.302282681e-02     -3.328074109e-04     2.506011692e-01     6.141264021e-01     6.428201967e-01     -3.020357159e-03     -2.550599696e-04
319.9664978400000450     8.631306846e+02     3.146960186e+02     8.215401038e-01     3.000000000e+00     -1.726095011e-02     -6.039877881e-04     1.972223111e-01     6.104272846e-01     6.600905620e-01     -4.987309910e-03     -2.998657527e-04
333.2984352366680696     8.905443699e+02     3.438196849e+02     8.125992389e-01     3.000000000e+00     8.647362332e-03     -7.372823610e-04     1.207436179e-01     6.073151305e-01     6.793879585e-01     -6.485695224e-03     -1.670062494e-04
346.6303726733319763     9.180366558e+02     3.728693021e+02     8.029044342e-01     3.000000000e+00     2.244721201e-02     -7.170906135e-04     3.068141595e-02     6.050536669e-01     7.001824216e-01     -7.025049572e-03     -1.722487990e-04
359.9623100700000009     9.457192759e+02     4.017380903e+02     7.944138138e-01     3.000000000e+00     2.381978011e-02     -5.566358036e-04     -5.535396541e-02     6.046157428e-01     7.204123507e-01     -5.881608886e-03     1.065533016e-04
373.2942474666680823     9.736400092e+02     4.303761812e+02     7.886373516e-01     3.000000000e+00     1.551237089e-02     -3.099242532e-04     -1.078794025e-01     6.051627935e-01     7.376193535e-01     -1.998031637e-03     -2.448709660e-05
386.6261849033319322     1.001771152e+03     4.588070047e+02     7.859847848e-01     3.000000000e+00     4.799535594e-03     -8.800242184e-05     -7.992682864e-02     6.037565635e-01     7.550564343e-01     6.191356739e-03     -1.864695009e-04
399.9581223000000136     1.030021529e+03     4.871192172e+02     7.853981634e-01     3.000000000e+00     0.000000000e+00     0.000000000e+00     0.000000000e+00     6.024201667e-01     7.744027410e-01     5.798922870e-03     -1.401100824e-05
