09 0
31 0
0.0000000000000000     2.496391144e-10     7.739165105e-11     0.000000000e+00     3.000000000e+00     0.000000000e+00     0.000000000e+00     0.000000000e+00     6.024201667e-01     0.000000000e+00     -1.997630436e-02     -4.154096809e-02
19.1677059714165630     5.689043820e+01     -2.439098942e-01     5.252515363e-03     2.935897492e+00     -4.087142678e-02     5.480588413e-04     -3.996660719e-01     -5.401385917e-04     3.030796912e-01     -2.172572013e-02     -2.137321748e-02
38.3354119485834346     1.119806854e+02     -9.910600628e-01     2.609769677e-02     2.809836344e+00     -1.258739777e-01     1.626972583e-03     -6.099974740e-01     -2.112249149e-01     3.934196906e-01     -2.207143970e-04     -6.100888854e-04
57.5031179200000011     1.647348803e+02     -1.767979163e+00     6.592641555e-02     2.684592967e+00     -2.058608599e-01     2.528842289e-03     -6.092241613e-01     -2.342083518e-01     3.966350498e-01     3.014035242e-04     -1.788052751e-03
76.6708238741656203     2.151439508e+02     -1.661335515e+00     1.202796247e-01     2.553680789e+00     -2.686731482e-01     3.142489403e-03     -6.099998126e-01     -3.231701303e-01     4.069269690e-01     -3.823366673e-04     -7.494412103e-03
95.8385298858343617     2.628967397e+02     -6.075272791e-02     1.846229543e-01     2.397490105e+00     -3.182045327e-01     3.571233115e-03     -6.100000000e-01     -5.283903126e-01     4.419348224e-01     3.823171150e-04     -1.391870667e-02
115.0062358400000022     3.070731458e+02     3.075347463e+00     2.566232761e-01     2.173182025e+00     -3.635918832e-01     3.941436568e-03     -6.099998535e-01     -7.955704533e-01     5.054304858e-01     -3.823018291e-04     -1.395944850e-02
134.1739417941656143     3.462112185e+02     7.165340006e+00     3.355339155e-01     1.858781807e+00     -4.079404720e-01     4.292270634e-03     -6.077964422e-01     -9.826971395e-01     5.730879451e-01     6.122105369e-04     -5.565755662e-03
153.3416478058343841     3.792280692e+02     1.136597498e+01     4.199211536e-01     1.506655613e+00     -4.411228162e-01     4.512876761e-03     -6.099997712e-01     -9.827830672e-01     6.346552270e-01     -8.421106535e-04     5.556789784e-03
172.5093537599999820     4.064032086e+02     1.525993733e+01     5.059092996e-01     1.214012145e+00     -4.498018500e-01     4.459312832e-03     -5.883062569e-01     -7.852585803e-01     7.058233291e-01     3.105658971e-03     1.505334344e-02
191.6770597141656083     4.292504394e+02     1.922193318e+01     5.879488260e-01     1.039847950e+00     -4.305006220e-01     4.100869226e-03     -4.501753371e-01     -4.471389217e-01     8.034055462e-01     1.130722069e-02     2.022679483e-02
210.8447657258343497     4.494150218e+02     2.398835144e+01     6.615085162e-01     9.603305547e-01     -3.943223395e-01     3.574508333e-03     -2.384188386e-01     -3.747586528e-04     9.385133080e-01     1.078791148e-02     2.638954660e-02
230.0124716800000044     4.680961542e+02     3.017467212e+01     7.248764861e-01     9.537150029e-01     -3.548739716e-01     3.037443047e-03     -1.094478472e-01     5.465627142e-01     1.115885317e+00     2.669201402e-03     3.067909517e-02
249.1801776341656307     4.869507756e+02     3.905519485e+01     7.781583112e-01     1.118140153e+00     -3.159032573e-01     2.522098106e-03     -3.966894760e-02     1.147322133e+00     1.353418362e+00     4.611680275e-03     3.200544511e-02
268.3478836458343721     5.097698943e+02     5.517489360e+01     8.129360322e-01     1.751767928e+00     -2.186169355e-01     1.106684702e-03     1.730071201e-01     2.015691480e+00     1.967040375e+00     1.757940175e-02     5.860209537e-02
287.5155895999999984     5.412615012e+02     8.562475760e+01     7.959186142e-01     2.813811147e+00     6.384081701e-02     -2.882318985e-03     4.750995077e-01     2.307342730e+00     2.690356981e+00     1.394157296e-02     -2.817057162e-02
306.6832955541656247     5.851375489e+02     1.323395749e+02     6.903354040e-01     3.842416920e+00     4.829093328e-01     -8.134462097e-03     6.099999999e-01     2.349999994e+00     3.198879045e+00     1.342368849e-04     3.262152303e-02
325.8510015658343377     6.445795869e+02     1.869940191e+02     5.055969805e-01     4.499999993e+00     8.047969786e-01     -1.114154555e-02     6.099999987e-01     2.083933030e+00     3.933956082e+00     -1.342370066e-04     -6.038352690e-02
345.0187075199999640     7.162963950e+02     2.350060061e+02     2.980872288e-01     4.386731966e+00     8.763844808e-01     -1.051047187e-02     6.099999989e-01     1.001948697e-01     6.468385686e+00     1.342370290e-04     -1.466040138e-01
364.1864134741655903     7.871775979e+02     2.665310086e+02     1.217488574e-01     3.575677880e+00     7.344784460e-01     -7.889056133e-03     6.100000000e-01     -1.546828695e+00     8.658406366e+00     -1.342369177e-04     -2.524999590e-02
383.3541194858343601     8.420739343e+02     2.821004812e+02     1.793438835e-03     2.268817657e+00     4.571826083e-01     -4.627352319e-03     6.099999779e-01     -2.349999268e+00     9.275682007e+00     1.342346167e-04     -5.855456312e-02
402.5218254399999864     8.711740054e+02     2.874561633e+02     -5.432999773e-02     7.619381813e-01     1.391536781e-01     -1.228688737e-03     5.990454497e-01     -2.274381605e+00     1.033505940e+01     -1.277253845e-03     6.644467405e-02
421.6895313941656127     8.783691151e+02     2.881601086e+02     -6.130408617e-02     -1.610617806e-02     -2.515544792e-02     5.009972287e-04     5.848114900e-01     -8.021764796e-01     1.165377736e+01     -2.079483743e-04     8.716840069e-02
440.8572374058343826     8.772159471e+02     2.875763105e+02     -5.002928777e-02     -1.007384708e-01     -4.188349314e-02     6.754396821e-04     5.831490953e-01     7.127784536e-03     1.240120817e+01     3.449050453e-05     -2.723839049e-03
460.0249433600000089     8.752426874e+02     2.868744361e+02     -3.730335051e-02     -1.017563735e-01     -4.026476903e-02     6.524122034e-04     5.736383432e-01     -9.530699542e-03     1.240211757e+01     -1.026862991e-03     9.856567055e-04
479.1926493141656351     8.732560944e+02     2.861780235e+02     -2.499978569e-02     -1.031601673e-01     -3.881426111e-02     6.313684254e-04     5.694550624e-01     -6.606456303e-02     1.240701566e+01     5.903703967e-04     -6.884522610e-03
498.3603553258344050     8.712804371e+02     2.854927082e+02     -1.321756083e-02     -1.015709203e-01     -3.662954215e-02     5.980144619e-04     6.099980534e-01     1.515796045e-01     1.249758316e+01     3.639973192e-03     2.959398693e-02
517.5280612799999744     8.697217013e+02     2.849585646e+02     -4.237397343e-03     -6.050848575e-02     -2.070642539e-02     3.389952672e-04     6.081823038e-01     5.699883108e-01     1.261315140e+01     -3.829432442e-03     1.406368467e-02
536.6957672341656007     8.690361279e+02     2.847324971e+02     -4.939148905e-04     -1.093697655e-02     -3.143930579e-03     5.160780829e-05     4.492045503e-01     2.976938768e-01     1.283391100e+01     -1.275865106e-02     -4.247547628e-02
555.8634732458343706     8.689314386e+02     2.847024498e+02     3.433784634e-07     1.501360296e-05     3.320745278e-06     -3.582885325e-08     1.958217441e-01     -1.073507226e-02     1.305306128e+01     -1.367986031e-02     1.029333100e-02
575.0311791999999969     8.689315825e+02     2.847024816e+02     0.000000000e+00     0.000000000e+00     0.000000000e+00     0.000000000e+00     0.000000000e+00     0.000000000e+00     1.309358864e+01     -6.752605043e-03     -9.173210291e-03
