01 0
11 0
0.0000000000000000     2.496391144e-10     7.739165105e-11     0.000000000e+00     1.139514019e+00     -4.266817747e-02     -2.142310592e-03     0.000000000e+00     6.024201667e-01     0.000000000e+00     5.664654937e-05     -6.453518877e-03
10.0000000000000000     1.157031599e+01     -5.469916792e-01     -2.105926098e-02     1.175693924e+00     -4.198201797e-02     -2.069541604e-03     3.862007267e-04     5.419496025e-01     1.352204135e-02     2.059359596e-05     -5.640593957e-03
20.0000000000000000     2.344848893e+01     -1.332337785e+00     -4.138328169e-02     1.203794544e+00     -4.057098502e-02     -1.995262537e-03     5.664664942e-04     4.933081044e-01     2.400393499e-02     1.545955754e-05     -4.087705656e-03
30.0000000000000000     3.556215442e+01     -2.350286862e+00     -6.095400783e-02     1.226277758e+00     -3.862212965e-02     -1.918882693e-03     6.794735929e-04     4.595777016e-01     3.201107298e-02     7.141862214e-06     -2.658374902e-03
40.0000000000000000     4.786254760e+01     -3.593411679e+00     -7.974812407e-02     1.245279367e+00     -3.628598136e-02     -1.839940555e-03     7.091338860e-04     4.397388379e-01     3.851884807e-02     -1.209803595e-06     -1.309397840e-03
50.0000000000000000     6.032075270e+01     -5.053889039e+00     -9.773853021e-02     1.262522315e+00     -3.368121545e-02     -1.758140671e-03     6.691905516e-04     4.331918510e-01     4.431993856e-02     -6.778863298e-06     4.509007466e-10
60.0000000000000000     7.292455695e+01     -6.724450817e+00     -1.148956647e-01     1.279530146e+00     -3.090555598e-02     -1.673286226e-03     5.860333820e-04     4.397388462e-01     5.012099162e-02     -9.852570613e-06     1.309398593e-03
70.0000000000000000     8.567726528e+01     -8.599269226e+00     -1.311881578e-01     1.297811258e+00     -2.804397804e-02     -1.585212393e-03     4.786948891e-04     4.595777155e-01     5.662870371e-02     -1.161512797e-05     2.658375265e-03
80.0000000000000000     9.859830556e+01     -1.067494210e+01     -1.465828222e-01     1.319039626e+00     -2.517502633e-02     -1.493720493e-03     3.572213395e-04     4.933081188e-01     6.463586995e-02     -1.267958195e-05     4.087705400e-03
90.0000000000000000     1.117257007e+02     -1.295173510e+01     -1.610439986e-01     1.345256860e+00     -2.237582427e-02     -1.398514783e-03     2.272270349e-04     5.419496112e-01     7.511795111e-02     -1.331927897e-05     5.640593077e-03
100.0000000000000000     1.251190013e+02     -1.543492215e+01     -1.745329252e-01     1.378769138e+00     -1.971963470e-02     -1.299270536e-03     0.000000000e+00     6.024201667e-01     8.864030817e-02     -3.212612802e-05     6.453518015e-03
