05 0
11 0
0.0000000000000000     2.496391144e-10     7.739165105e-11     0.000000000e+00     3.205843109e+00     9.137710228e-02     8.666549926e-03     0.000000000e+00     6.024201667e-01     0.000000000e+00     -1.946884384e-04     -6.451250884e-03
10.0000000000000000     3.187205137e+01     2.323575029e+00     8.559071094e-02     3.188883408e+00     1.011023350e-01     8.451592261e-03     -2.590545334e-03     5.419705479e-01     1.352700510e-02     -3.234206283e-04     -5.638672871e-03
20.0000000000000000     6.322407553e+01     7.390994767e+00     1.691460695e-01     3.165333572e+00     1.088450218e-01     8.259479459e-03     -5.284813383e-03     4.933466432e-01     2.401563095e-02     -2.154329816e-04     -4.086108063e-03
30.0000000000000000     9.378749312e+01     1.504397968e+01     2.508823372e-01     3.137649814e+00     1.151053633e-01     8.087774080e-03     -6.937463262e-03     4.596298858e-01     3.202600719e-02     -1.150969943e-04     -2.657243425e-03
40.0000000000000000     1.233432279e+02     2.511530530e+01     3.309928227e-01     3.108092747e+00     1.202677067e-01     7.934323009e-03     -7.636639411e-03     4.397995459e-01     3.853549277e-02     -2.473823553e-05     -1.308824546e-03
50.0000000000000000     1.517157334e+02     3.743666461e+01     4.096492913e-01     3.078551976e+00     1.246193163e-01     7.796970710e-03     -7.493235421e-03     4.332552954e-01     4.433820678e-02     5.341903354e-05     -2.555845349e-08
60.0000000000000000     1.787665698e+02     5.184444202e+01     4.870015584e-01     3.050709937e+00     1.283546835e-01     7.673482723e-03     -6.640080430e-03     4.397990737e-01     5.014156454e-02     1.172119647e-04     1.308781217e-03
70.0000000000000000     2.043893322e+02     6.818420866e+01     5.631756856e-01     3.026181434e+00     1.315755051e-01     7.561342705e-03     -5.231890712e-03     4.596290894e-01     5.665236564e-02     1.644259789e-04     2.657221919e-03
80.0000000000000000     2.285058660e+02     8.631464459e+01     6.382695501e-01     3.006654883e+00     1.342836092e-01     7.457430193e-03     -3.447014411e-03     4.933457878e-01     6.466293765e-02     1.925492813e-04     4.086117761e-03
90.0000000000000000     2.510638280e+02     1.061115639e+02     7.123445422e-01     2.994060560e+00     1.363635975e-01     7.357568228e-03     -1.492704808e-03     5.419699776e-01     7.514784702e-02     1.983126392e-04     5.638720209e-03
100.0000000000000000     2.720340169e+02     1.274720389e+02     7.853981634e-01     2.990432178e+00     1.377273275e-01     7.253160621e-03     0.000000000e+00     6.024201667e-01     8.867026248e-02     1.002283225e-04     6.451317596e-03
