03 0
11 0
0.0000000000000000     2.496391144e-10     7.739165105e-11     0.000000000e+00     4.500000000e+00     8.348905036e-01     -2.433363195e-02     0.000000000e+00     6.024201667e-01     0.000000000e+00     5.413925437e-09     -6.453681712e-03
10.0000000000000000     4.369393929e+01     2.219759493e+00     -2.215633572e-01     4.221081780e+00     5.501128174e-01     -1.997903951e-02     3.742047355e-08     5.419478042e-01     1.352268861e-02     2.070171261e-09     -5.640790783e-03
20.0000000000000000     8.407935057e+01     -6.026313136e+00     -4.074785403e-01     4.022675493e+00     3.658470625e-01     -1.720399712e-02     5.382550973e-08     4.933049736e-01     2.400496828e-02     1.210836734e-09     -4.087775330e-03
30.0000000000000000     1.201998863e+02     -2.176429723e+01     -5.702162337e-01     3.870005933e+00     2.373087911e-01     -1.534354158e-02     6.248876750e-08     4.595741697e-01     3.201218752e-02     5.218153491e-10     -2.658385465e-03
40.0000000000000000     1.517119078e+02     -4.299638563e+01     -7.173456101e-01     3.747331555e+00     1.411305409e-01     -1.408233372e-02     6.518238794e-08     4.397353631e-01     3.851989554e-02     1.690901589e-11     -1.309375851e-03
50.0000000000000000     1.785113436e+02     -6.832136651e+01     -8.540961377e-01     3.646696685e+00     6.336999754e-02     -1.326777180e-02     6.346015176e-08     4.331886985e-01     4.432091337e-02     -3.613562248e-10     4.292192935e-08
60.0000000000000000     2.005609050e+02     -9.672317118e+01     -9.846583239e-01     3.564137274e+00     -5.855323729e-03     -1.284466545e-02     5.832182457e-08     4.397361848e-01     5.012195231e-02     -6.663094200e-10     1.309454347e-03
70.0000000000000000     2.177829117e+02     -1.274440897e+02     -1.113111373e+00     3.498274144e+00     -7.580897643e-02     -1.284594439e-02     5.033666373e-08     4.595756533e-01     5.662971624e-02     -9.307231530e-10     2.658439356e-03
80.0000000000000000     2.299446210e+02     -1.598998138e+02     -1.244574579e+00     3.450259446e+00     -1.595494279e-01     -1.344669685e-02     3.953859066e-08     4.933067261e-01     6.463699614e-02     -1.228892014e-09     4.087775206e-03
90.0000000000000000     2.364221647e+02     -1.936029322e+02     -1.387934954e+00     3.426160677e+00     -2.868578522e-01     -1.522537818e-02     2.600722111e-08     5.419489545e-01     7.511925254e-02     -1.477382534e-09     5.640670475e-03
100.0000000000000000     2.351108901e+02     -2.280038249e+02     -1.570796327e+00     3.458977506e+00     -6.032064347e-01     -2.134689634e-02     0.000000000e+00     6.024201667e-01     8.864182116e-02     -3.724063036e-09     6.453571958e-03
