08 0
11 0
0.0000000000000000     2.496391144e-10     7.739165105e-11     0.000000000e+00     4.500000000e+00     -3.685403536e+00     6.350312840e-02     0.000000000e+00     6.024201667e-01     0.000000000e+00     -9.236857613e-02     2.076747085e-01
10.8538599900000001     4.139924734e+01     -2.267302222e+01     5.431884789e-01     2.423643902e+00     -2.038599192e+00     3.658817171e-02     -5.652388755e-01     2.065631426e+00     3.094752394e+00     -1.178586763e-02     6.194573249e-02
21.7077199800000002     7.201617417e+01     -2.153084104e+01     8.998545208e-01     2.113069505e+00     -1.531384841e+00     2.913333974e-02     -6.099999997e-01     2.350000000e+00     3.475539810e+00     3.537903375e-03     -9.546203730e-03
32.5615799699999968     9.648917089e+01     -9.058343572e+00     1.199031315e+00     2.211545628e+00     -1.280469723e+00     2.599484401e-02     -6.099999999e-01     2.350000000e+00     3.666610809e+00     -3.537903411e-03     9.546203723e-03
43.4154399600000005     1.146712983e+02     1.225063239e+01     1.472555120e+00     2.452762159e+00     -1.118807214e+00     2.440635981e-02     -6.099999999e-01     2.350000000e+00     3.857681808e+00     3.537903418e-03     -9.546203716e-03
54.2692999499999971     1.249530224e+02     4.057186414e+01     1.733371546e+00     2.761873651e+00     -1.000821174e+00     2.365330318e-02     -6.100000000e-01     2.350000000e+00     4.048752807e+00     -3.537903431e-03     9.546203714e-03
65.1231599399999936     1.255475870e+02     7.360917544e+01     1.988948955e+00     3.099514426e+00     -9.056282628e-01     2.344098561e-02     -6.100000000e-01     2.350000000e+00     4.239823806e+00     3.537903429e-03     -9.546203713e-03
75.9770199299999973     1.150294162e+02     1.083615971e+02     2.244657030e+00     3.443712734e+00     -8.213111127e-01     2.367738069e-02     -6.100000000e-01     2.350000000e+00     4.430894805e+00     -3.537903426e-03     9.546203712e-03
86.8308799200000010     9.270379147e+01     1.411505203e+02     2.505758846e+00     3.782909893e+00     -7.357051204e-01     2.443486986e-02     -6.099999974e-01     2.350000000e+00     4.621965804e+00     3.537903904e-03     -9.546203718e-03
97.6847399099999905     5.935733627e+01     1.672093363e+02     2.774664246e+00     4.006731007e+00     -5.634448377e-01     2.511531786e-02     -4.692383438e-01     1.806598531e+00     5.243175948e+00     2.239971726e-02     -9.058434325e-02
108.5385998999999941     1.761533591e+01     1.749701188e+02     3.141592654e+00     4.153759737e+00     5.333029047e-01     4.249720115e-02     0.000000000e+00     6.024201667e-01     6.933156420e+00     6.406506916e-02     -1.313050795e-01
