02 0
11 0
0.0000000000000000     2.496391144e-10     7.739165105e-11     0.000000000e+00     4.068422574e+00     -3.020795005e-01     -8.219776733e-03     0.000000000e+00     6.024201667e-01     0.000000000e+00     1.552790824e-04     -6.452902852e-03
10.0000000000000000     4.030828987e+01     -4.589898677e+00     -8.235560011e-02     4.030366617e+00     -2.853190911e-01     -8.251343289e-03     2.047335943e-03     5.419551382e-01     1.352630251e-02     2.541881062e-04     -5.640102843e-03
20.0000000000000000     7.970129141e+01     -1.226615714e+01     -1.648611183e-01     3.983563530e+00     -2.692381609e-01     -8.249760344e-03     4.133984648e-03     4.933181470e-01     2.401284760e-02     1.631416348e-04     -4.087295403e-03
30.0000000000000000     1.178758039e+02     -2.290291541e+01     -2.471890729e-01     3.931139564e+00     -2.538470861e-01     -8.215830590e-03     5.357853021e-03     4.595913489e-01     3.202186171e-02     8.163203985e-05     -2.658064209e-03
40.0000000000000000     1.545775683e+02     -3.633596624e+01     -3.290074601e-01     3.875961160e+00     -2.390961443e-01     -8.147846832e-03     5.825232073e-03     4.397549462e-01     3.853028344e-02     1.184377050e-05     -1.309216328e-03
50.0000000000000000     1.896028669e+02     -5.237338732e+01     -4.099597189e-01     3.820411003e+00     -2.247907875e-01     -8.042604943e-03     5.657545392e-03     4.332089889e-01     4.433190016e-02     -4.538110665e-05     2.486640544e-08
60.0000000000000000     2.227987124e+02     -7.080438362e+01     -4.896483290e-01     3.766551001e+00     -2.106037301e-01     -7.895117068e-03     4.978338554e-03     4.397553839e-01     5.013393106e-02     -9.046026104e-05     1.309254130e-03
70.0000000000000000     2.540637243e+02     -9.140748772e+01     -5.676162453e-01     3.716268444e+00     -1.960922940e-01     -7.698466199e-03     3.907764024e-03     4.595920058e-01     5.664320930e-02     -1.236546450e-04     2.658070263e-03
80.0000000000000000     2.833496555e+02     -1.139587197e+02     -6.433287010e-01     3.671426064e+00     -1.807283350e-01     -7.444024940e-03     2.570079538e-03     4.933186987e-01     6.465236383e-02     -1.438822522e-04     4.087268309e-03
90.0000000000000000     3.106633962e+02     -1.382404553e+02     -7.161604204e-01     3.634040253e+00     -1.639514609e-01     -7.122318926e-03     1.111890772e-03     5.419553919e-01     7.513644616e-02     -1.477555010e-04     5.640070322e-03
100.0000000000000000     3.360676777e+02     -1.640505326e+02     -7.853981634e-01     3.606128338e+00     -1.452413105e-01     -6.725229681e-03     0.000000000e+00     6.024201667e-01     8.865965244e-02     -7.462265346e-05     6.452884639e-03
