06 0
11 0
0.0000000000000000     2.496391144e-10     7.739165105e-11     0.000000000e+00     4.417345242e+00     -8.025531977e-01     2.370680835e-02     0.000000000e+00     6.024201667e-01     0.000000000e+00     -1.486440975e-05     -6.453498957e-03
10.0000000000000000     4.294301008e+01     -2.144915835e+00     2.163850384e-01     4.154188534e+00     -5.307119852e-01     1.957019933e-02     -8.660230824e-05     5.419497947e-01     1.352230465e-02     -2.456051900e-06     -5.640575429e-03
20.0000000000000000     8.275562159e+01     5.796881222e+00     3.987925132e-01     3.965476826e+00     -3.527051673e-01     1.691129563e-02     -1.075980729e-04     4.933084621e-01     2.400448560e-02     -1.743101040e-06     -4.087691088e-03
30.0000000000000000     1.185061304e+02     2.103532045e+01     5.589569361e-01     3.819640623e+00     -2.272507926e-01     1.512158896e-02     -1.210827699e-04     4.595781810e-01     3.201175978e-02     -9.538383586e-07     -2.658365136e-03
40.0000000000000000     1.498379129e+02     4.167844454e+01     7.041160112e-01     3.702227859e+00     -1.324470488e-01     1.391022607e-02     -1.267339859e-04     4.397393884e-01     3.851956988e-02     -1.764048316e-07     -1.309393382e-03
50.0000000000000000     1.766228089e+02     6.639126455e+01     8.393567895e-01     3.605908307e+00     -5.498760668e-02     1.313792959e-02     -1.247733832e-04     4.331924191e-01     4.432069069e-02     5.685253671e-07     -4.758294510e-10
60.0000000000000000     1.987950979e+02     9.420306757e+01     9.688455542e-01     3.527077379e+00     1.481843042e-02     1.275982335e-02     -1.158095998e-04     4.397393797e-01     5.012180825e-02     1.224231322e-06     1.309392590e-03
70.0000000000000000     2.162431988e+02     1.243909862e+02     1.096756336e+00     3.464631673e+00     8.646362741e-02     1.282233297e-02     -1.010202302e-04     4.595781664e-01     5.662961094e-02     1.733642590e-06     2.658364756e-03
80.0000000000000000     2.286856212e+02     1.564020828e+02     1.228521359e+00     3.420103153e+00     1.741300566e-01     1.353067172e-02     -8.205761128e-05     4.933084466e-01     6.463688012e-02     2.058881194e-06     4.087691275e-03
90.0000000000000000     2.353962483e+02     1.897839951e+02     1.374053608e+00     3.400737286e+00     3.125291680e-01     1.557577812e-02     -6.086366738e-05     5.419497845e-01     7.511906724e-02     2.179907587e-06     5.640576308e-03
100.0000000000000000     2.335833346e+02     2.240484115e+02     1.570796327e+00     3.456659392e+00     7.208450033e-01     2.377276554e-02     0.000000000e+00     6.024201667e-01     8.864147041e-02     9.992825889e-06     6.453500121e-03
