04 0
11 0
0.0000000000000000     2.496391144e-10     7.739165105e-11     0.000000000e+00     8.897575592e-02     1.955328586e-02     1.532699286e-03     0.000000000e+00     6.024201667e-01     0.000000000e+00     -5.319422901e-05     -6.452244980e-03
10.0000000000000000     1.109906421e+00     2.219328183e-01     1.551305592e-02     1.333747490e-01     2.276705040e-02     1.569911864e-03     -7.023509046e-04     5.419612207e-01     1.352175839e-02     -8.727595190e-05     -5.639544221e-03
20.0000000000000000     2.618248538e+00     5.026503152e-01     3.140145355e-02     1.695627717e-01     2.599939662e-02     1.607767696e-03     -1.407954397e-03     4.933294233e-01     2.400401814e-02     -5.384474667e-05     -4.086815246e-03
30.0000000000000000     4.453785252e+00     8.530369900e-01     4.767639994e-02     2.000665307e-01     2.926552919e-02     1.647221582e-03     -1.799395802e-03     4.596066972e-01     3.201163281e-02     -2.444353415e-05     -2.657729982e-03
40.0000000000000000     6.568717624e+00     1.282501095e+00     6.435723818e-02     2.271079642e-01     3.258721627e-02     1.688946067e-03     -1.922578808e-03     4.397727478e-01     3.852008056e-02     -1.930671800e-07     -1.309059906e-03
50.0000000000000000     8.935010971e+00     1.800208981e+00     8.146895663e-02     2.524827687e-01     3.598847340e-02     1.733397622e-03     -1.831063271e-03     4.332274455e-01     4.432205877e-02     1.849617465e-05     -5.366659554e-10
60.0000000000000000     1.154114543e+01     2.416107982e+00     9.904026732e-02     2.777763318e-01     3.949136901e-02     1.780864518e-03     -1.579340576e-03     4.397727369e-01     5.012408739e-02     3.184836436e-05     1.309058808e-03
70.0000000000000000     1.439087072e+01     3.141922968e+00     1.171020098e-01     3.045575130e-01     4.311147750e-02     1.831483978e-03     -1.218083208e-03     4.596066758e-01     5.663263667e-02     4.040310918e-05     2.657728977e-03
80.0000000000000000     1.750383262e+01     3.992312776e+00     1.356855324e-01     3.345703604e-01     4.685233244e-02     1.885220545e-03     -7.922918546e-04     4.933293951e-01     6.464025711e-02     4.475516155e-05     4.086814874e-03
90.0000000000000000     2.091813754e+01     4.986396664e+00     1.548206390e-01     3.699459641e-01     5.069753027e-02     1.941800768e-03     -3.412755367e-04     5.419611969e-01     7.512219442e-02     4.544810201e-05     5.639545490e-03
100.0000000000000000     2.469334167e+01     6.149598377e+00     1.745329252e-01     4.130942410e-01     5.459887713e-02     2.000656474e-03     0.000000000e+00     6.024201667e-01     8.864356278e-02     2.280700533e-05     6.452248465e-03
