07 0
11 0
0.0000000000000000     2.496391144e-10     7.739165105e-11     0.000000000e+00     4.500000000e+00     3.612247865e+00     -6.257486513e-02     0.000000000e+00     6.024201667e-01     0.000000000e+00     9.304801971e-02     2.089948693e-01
11.0510710400000001     4.231808521e+01     2.220645655e+01     -5.451603809e-01     2.489915775e+00     1.985616333e+00     -3.608713407e-02     5.719410587e-01     2.081186756e+00     3.165683129e+00     1.046069123e-02     5.862925233e-02
22.1021420800000001     7.380343597e+01     1.983157282e+01     -9.030566756e-01     2.229285505e+00     1.476156163e+00     -2.868419780e-02     6.100000000e-01     2.350000000e+00     3.531215662e+00     -3.572862686e-03     -9.979986913e-03
33.1532131199999966     9.882715222e+01     5.403220191e+00     -1.202478689e+00     2.371968169e+00     1.216814110e+00     -2.550457953e-02     6.100000000e-01     2.350000000e+00     3.726721870e+00     3.572862686e-03     9.979986913e-03
44.2042841600000003     1.169744138e+02     -1.843492787e+01     -1.475401770e+00     2.651203280e+00     1.047262096e+00     -2.388847556e-02     6.100000000e-01     2.350000000e+00     3.922228079e+00     -3.572862686e-03     -9.979986913e-03
55.2553551999999968     1.264598270e+02     -4.959974417e+01     -1.735192030e+00     2.989939184e+00     9.233947743e-01     -2.312782899e-02     6.100000000e-01     2.350000000e+00     4.117734288e+00     3.572862686e-03     9.979986913e-03
66.3064262399999933     1.254313071e+02     -8.549350034e+01     -1.989683896e+00     3.348890374e+00     8.257751361e-01     -2.292958305e-02     6.100000000e-01     2.350000000e+00     4.313240497e+00     -3.572862686e-03     -9.979986913e-03
77.3574972799999898     1.125007618e+02     -1.228238646e+02     -2.244533190e+00     3.707255356e+00     7.429537989e-01     -2.319251552e-02     6.100000000e-01     2.350000000e+00     4.508746705e+00     3.572862686e-03     9.979986913e-03
88.4085683200000005     8.708661046e+01     -1.576540099e+02     -2.505128445e+00     4.054702060e+00     6.625345432e-01     -2.396947524e-02     6.100000000e-01     2.350000000e+00     4.704252914e+00     -3.572862686e-03     -9.979986913e-03
99.4596393599999971     5.018082604e+01     -1.850014905e+02     -2.773913148e+00     4.278580603e+00     5.021662918e-01     -2.467462490e-02     4.732305289e-01     1.805462896e+00     5.314277359e+00     -2.117939359e-02     -8.856921290e-02
110.5107103999999936     4.705711258e+00     -1.929018349e+02     -3.141592654e+00     4.417879253e+00     -5.767555686e-01     -4.186725217e-02     0.000000000e+00     6.024201667e-01     6.983905348e+00     -6.446488961e-02     -1.291549743e-01
