01 0
31 0
0.0000000000000000     2.496391144e-10     7.739165105e-11     0.000000000e+00     3.000000000e+00     0.000000000e+00     0.000000000e+00     0.000000000e+00     6.024201667e-01     0.000000000e+00     1.228895738e-02     -1.806008574e-01
7.5278448725805491     2.244019732e+01     -1.217466152e-02     5.531871178e-05     2.961917921e+00     -3.398417855e-03     1.469695770e-05     1.319078359e-01     -6.852742013e-01     2.244130166e+00     2.275635455e-02     -1.615141541e-01
15.0556897474194518     4.398528211e+01     -1.340678778e-01     1.061559581e-03     2.762153744e+00     -3.208226484e-02     2.526413403e-04     2.916821851e-01     -1.672228639e+00     3.678665722e+00     1.969254068e-02     -1.007001860e-01
22.5835346200000018     6.322924507e+01     -5.731837260e-01     5.296147393e-03     2.350058938e+00     -9.996197104e-02     8.724051054e-04     4.260482830e-01     -2.124131670e+00     4.181219617e+00     1.600588299e-02     -1.936154179e-02
30.1113794858054895     7.912695344e+01     -1.479469372e+00     1.468749186e-02     1.870699285e+00     -1.807622530e-01     1.622689939e-03     5.282359473e-01     -2.037093140e+00     4.375392639e+00     1.114336520e-02     4.248596366e-02
37.6392243741945123     9.182989917e+01     -2.797863649e+00     2.893882574e-02     1.495440882e+00     -2.403744161e-01     2.163608493e-03     5.898677600e-01     -1.613720322e+00     4.709710491e+00     5.230992586e-03     6.999584879e-02
45.1670692400000036     1.023348057e+02     -4.324710928e+00     4.605372242e-02     1.278204075e+00     -2.677788885e-01     2.383482132e-03     6.099999999e-01     -1.090763779e+00     5.116897100e+00     1.177467243e-04     6.894339663e-02
52.6949141058054877     1.116808015e+02     -5.846631717e+00     6.394024013e-02     1.178926314e+00     -2.715790823e-01     2.368612992e-03     6.099999958e-01     -6.332411163e-01     5.417950766e+00     -1.177478297e-04     5.261135655e-02
60.2227589941945141     1.205287447e+02     -7.225983915e+00     8.130622703e-02     1.139162668e+00     -2.641637298e-01     2.245187355e-03     6.099999999e-01     -3.087742965e-01     5.570215674e+00     1.177489402e-04     3.359308182e-02
67.7506038599999982     1.291743635e+02     -8.406934457e+00     9.763812887e-02     1.120747971e+00     -2.534442884e-01     2.093876975e-03     6.099999948e-01     -9.067994061e-02     5.636179499e+00     -1.177503042e-04     2.435028964e-02
75.2784487258054895     1.377102436e+02     -9.381325896e+00     1.128255690e-01     1.107480526e+00     -2.421199734e-01     1.941126430e-03     6.100000000e-01     8.033465716e-02     5.675397353e+00     1.177516735e-04     2.108491808e-02
82.8062936141945016     1.461682759e+02     -1.015454962e+01     1.268537698e-01     1.099111461e+00     -2.304413569e-01     1.785889949e-03     6.017068395e-01     2.712542256e-01     5.726301929e+00     -2.321080944e-03     2.963864800e-02
90.3341384800000071     1.546224219e+02     -1.071120504e+01     1.394464386e-01     1.107618453e+00     -2.143898754e-01     1.559733869e-03     5.743743100e-01     5.865738151e-01     5.875511304e+00     -4.940633374e-03     5.413555158e-02
97.8619833458054984     1.633033647e+02     -1.095745024e+01     1.493783763e-01     1.165500364e+00     -1.825538092e-01     1.078986132e-03     5.291243191e-01     1.060829495e+00     6.199607490e+00     -7.081397291e-03     7.186483431e-02
105.3898282341945105     1.727374674e+02     -1.067615618e+01     1.540239424e-01     1.323608764e+00     -1.227137023e-01     1.552491372e-04     4.688749458e-01     1.568157573e+00     6.588379999e+00     -8.925673591e-03     6.292223609e-02
112.9176731000000018     1.836917354e+02     -9.616000209e+00     1.504494066e-01     1.595634756e+00     -3.974545565e-02     -1.104932888e-03     3.944521011e-01     1.874464961e+00     6.825094479e+00     -1.084700928e-02     1.845759903e-02
120.4455179658054931     1.967226144e+02     -7.743371078e+00     1.380728055e-01     1.901571244e+00     3.628290153e-02     -2.183286136e-03     3.056543913e-01     1.788079372e+00     6.988775877e+00     -1.274479190e-02     -4.140854724e-02
127.9733628541945052     2.116849560e+02     -5.371531472e+00     1.198393368e-01     2.121431170e+00     7.943851430e-02     -2.660987164e-03     2.046484281e-01     1.334334674e+00     7.358862577e+00     -1.409050156e-02     -7.914247498e-02
135.5012077199999965     2.278288190e+02     -2.936903363e+00     9.985899939e-02     2.212802986e+00     9.420920540e-02     -2.647394716e-03     9.746272267e-02     7.527814293e-01     7.850168660e+00     -1.438662763e-02     -7.536475905e-02
143.0290525858054878     2.443838483e+02     -7.140454359e-01     8.065227427e-02     2.221041205e+00     9.760782871e-02     -2.455453628e-03     -8.491307559e-03     2.866558581e-01     8.174648526e+00     -1.376326972e-02     -4.847561730e-02
150.5568974741944999     2.609237650e+02     1.204349496e+00     6.313022860e-02     2.198740882e+00     9.492555743e-02     -2.199808590e-03     -1.082337160e-01     -6.090916170e-05     8.306138668e+00     -1.273632217e-02     -2.769937622e-02
158.0847423399999911     2.773114679e+02     2.799034998e+00     4.771201861e-02     2.172125672e+00     8.672672219e-02     -1.896505960e-03     -1.987789066e-01     -1.432316287e-01     8.350200662e+00     -1.131975022e-02     -1.033826189e-02
165.6125872058054824     2.935321036e+02     4.079966369e+00     3.462372000e-02     2.147896510e+00     7.578511674e-02     -1.580797061e-03     -2.771001538e-01     -1.892850250e-01     8.363207038e+00     -9.488661336e-03     -1.897217747e-03
173.1404320941945230     3.095901257e+02     5.073222912e+00     2.390970537e-02     2.124428150e+00     6.302408217e-02     -1.265705505e-03     -3.399338413e-01     -1.516891300e-01     8.374666971e+00     -7.205010911e-03     1.188570599e-02
180.6682769600000142     3.254799923e+02     5.807936488e+00     1.554520456e-02     2.100321885e+00     4.876050811e-02     -9.565775542e-04     -3.827113322e-01     -2.114622312e-02     8.402415652e+00     -4.160125221e-03     2.279697120e-02
188.1961218258055055     3.411945881e+02     6.322933766e+00     9.357745395e-03     2.076175925e+00     3.599492420e-02     -6.873084495e-04     -3.994932657e-01     7.754044941e-02     8.423145324e+00     -2.985037214e-04     3.422132449e-03
195.7239667141945176     3.567332113e+02     6.666775153e+00     5.010039258e-03     2.052711957e+00     2.564668606e-02     -4.677914393e-04     -3.843282257e-01     1.236610938e-02     8.440550771e+00     4.327555952e-03     -2.073766993e-02
203.2518115800000089     3.721415699e+02     6.877951633e+00     2.220619778e-03     2.041179206e+00     1.564229873e-02     -2.733024004e-04     -3.321770831e-01     4.248596491e-01     9.102226722e+00     9.527974661e-03     1.303290727e-01
210.7796564458055002     3.874897295e+02     6.987196092e+00     7.321866013e-04     2.036569964e+00     7.358012926e-03     -1.221450226e-04     -2.412903077e-01     2.771439358e-01     1.083825211e+01     1.461885006e-02     -1.695742260e-01
218.3075013341945123     4.027621215e+02     7.030851094e+00     1.362209794e-04     2.021009862e+00     2.473809711e-03     -3.619136276e-05     -1.134883119e-01     2.631757864e-02     1.234238248e+01     1.933562111e-02     1.029346071e-01
225.8353462000000036     4.178968894e+02     7.041198543e+00     0.000000000e+00     2.000000000e+00     0.000000000e+00     0.000000000e+00     0.000000000e+00     0.000000000e+00     1.321450083e+01     1.081598635e-02     -1.099266689e-01
