02 0
31 0
0.0000000000000000     2.496391144e-10     7.739165105e-11     0.000000000e+00     2.124632247e-01     -2.673000070e-03     -6.468174189e-05     0.000000000e+00     6.024201667e-01     0.000000000e+00     -2.190361937e-06     1.965082429e-03
3.3333333330000001     7.353983985e-01     -9.419515550e-03     -2.081581031e-04     2.287764293e-01     -2.931087583e-03     -6.021311999e-05     -1.086770224e-05     6.122278207e-01     4.008838026e-03     -4.330259407e-06     3.919509971e-03
6.6666666670000003     1.526048096e+00     -1.987098987e-02     -4.012554055e-04     2.456153057e-01     -3.193620853e-03     -5.564526143e-05     -2.508538661e-05     6.227523380e-01     8.173446978e-03     -4.200351210e-06     2.395200441e-03
10.0000000000000000     2.373559710e+00     -3.137684765e-02     -5.790006646e-04     2.628950104e-01     -3.459123295e-03     -5.100189400e-05     -3.878048794e-05     6.293112414e-01     1.222780360e-02     -4.016709586e-06     1.540141575e-03
13.3333333300000003     3.279117050e+00     -4.395007441e-02     -7.412168927e-04     2.804442782e-01     -3.724727333e-03     -4.632784290e-05     -5.178618557e-05     6.335997605e-01     1.627251368e-02     -3.786708985e-06     1.032969885e-03
16.6666666699999979     4.243448137e+00     -5.759356862e-02     -8.878470664e-04     2.981608710e-01     -3.988779847e-03     -4.165026130e-05     -6.395928041e-05     6.365076241e-01     2.033168788e-02     -3.517147918e-06     7.117482577e-04
20.0000000000000000     5.267002767e+00     -7.230421070e-02     -1.018935080e-03     3.159800609e-01     -4.250924101e-03     -3.700254700e-05     -7.517830824e-05     6.385159386e-01     2.440840376e-02     -3.214268780e-06     4.932404639e-04
23.3333333299999985     6.350049772e+00     -8.807455364e-02     -1.134601363e-03     3.338579704e-01     -4.510527266e-03     -3.239722257e-05     -8.534177258e-05     6.398940420e-01     2.850014363e-02     -2.883809822e-06     3.336215728e-04
26.6666666700000015     7.492731727e+00     -1.048916540e-01     -1.234976553e-03     3.517626896e-01     -4.766524567e-03     -2.782789176e-05     -9.436655125e-05     6.407986602e-01     3.260315935e-02     -2.531057377e-06     2.091493828e-04
30.0000000000000000     8.695096781e+00     -1.227376304e-01     -1.320192729e-03     3.696694451e-01     -5.018615278e-03     -2.330181342e-05     -1.021864589e-04     6.413248045e-01     3.671367485e-02     -2.160887214e-06     1.065371721e-04
33.3333333299999950     9.957117952e+00     -1.415911004e-01     -1.390404153e-03     3.875579029e-01     -5.266578888e-03     -1.882504101e-05     -1.087509413e-04     6.415325103e-01     4.082817206e-02     -1.777802246e-06     1.808631120e-05
36.6666666699999979     1.127870533e+01     -1.614274571e-01     -1.445783906e-03     4.054106141e-01     -5.510247604e-03     -1.440281058e-05     -1.140238868e-04     6.414612791e-01     4.494341722e-02     -1.385965024e-06     -6.082501491e-05
40.0000000000000000     1.265971417e+01     -1.822190825e-01     -1.486521539e-03     4.232120898e-01     -5.749489827e-03     -1.003976939e-05     -1.179825295e-04     6.411381165e-01     4.905642279e-02     -9.892206164e-07     -1.330725553e-04
43.3333333300000021     1.409995042e+01     -2.039355258e-01     -1.512821346e-03     4.409482314e-01     -5.984199838e-03     -5.740114747e-06     -1.206164336e-04     6.405821506e-01     5.316440143e-02     -5.911218534e-07     -2.005070001e-04
46.6666666699999979     1.559917480e+01     -2.265436609e-01     -1.524901005e-03     4.586059684e-01     -6.214291124e-03     -1.507680768e-06     -1.219265590e-04     6.398073783e-01     5.726472671e-02     -1.949533790e-07     -2.643563955e-04
50.0000000000000000     1.715710584e+01     -2.500078333e-01     -1.522990463e-03     4.761730221e-01     -6.439691902e-03     2.654006093e-06     -1.219244015e-04     6.388243494e-01     6.135490270e-02     1.962479003e-07     -3.254609045e-04
53.3333333300000021     1.877342219e+01     -2.742900009e-01     -1.507330968e-03     4.936377467e-01     -6.660342010e-03     6.741690571e-06     -1.206311984e-04     6.376412262e-01     6.543254115e-02     5.796739626e-07     -3.844130130e-04
56.6666666699999979     2.044776459e+01     -2.993498727e-01     -1.478174211e-03     5.109890191e-01     -6.876190686e-03     1.075236403e-05     -1.180771941e-04     6.362644624e-01     6.949534467e-02     9.527286258e-07     -4.416452659e-04
60.0000000000000000     2.217973749e+01     -3.251450456e-01     -1.435781525e-03     5.282161615e-01     -7.087194912e-03     1.468324733e-05     -1.143009585e-04     6.346992400e-01     7.354109421e-02     1.313012695e-06     -4.974881913e-04
63.3333333299999950     2.396891038e+01     -3.516311422e-01     -1.380423149e-03     5.453088826e-01     -7.293318135e-03     1.853177825e-05     -1.093487558e-04     6.329497435e-01     7.756763980e-02     1.658308945e-06     -5.522097204e-04
66.6666666699999979     2.581481906e+01     -3.787619487e-01     -1.312377516e-03     5.622572330e-01     -7.494529231e-03     2.229560159e-05     -1.032739615e-04     6.310193177e-01     8.157289332e-02     1.986567622e-06     -6.060457575e-04
70.0000000000000000     2.771696667e+01     -4.064895536e-01     -1.231930580e-03     5.790515649e-01     -7.690801614e-03     2.597256040e-05     -9.613652747e-05     6.289105249e-01     8.555482302e-02     2.295892810e-06     -6.592299273e-04
73.3333333299999879     2.967482463e+01     -4.347644864e-01     -1.139375167e-03     5.956824941e-01     -7.882112391e-03     2.956068715e-05     -8.800248920e-05     6.266250922e-01     8.951144904e-02     2.584530147e-06     -7.120296825e-04
76.6666666700000121     3.168783347e+01     -4.635358565e-01     -1.035010366e-03     6.121408544e-01     -8.068441473e-03     3.305819331e-05     -7.894351478e-05     6.241637102e-01     9.344083981e-02     2.850854505e-06     -7.647994966e-04
80.0000000000000000     3.375540341e+01     -4.927514907e-01     -9.191409520e-04     6.284176358e-01     -8.249770484e-03     3.646345525e-05     -6.903649310e-05     6.215255953e-01     9.734110929e-02     3.093358500e-06     -8.180694813e-04
83.3333333300000021     3.587691475e+01     -5.223580687e-01     -7.920768714e-04     6.445038906e-01     -8.426081241e-03     3.977499314e-05     -5.836316057e-05     6.187076456e-01     1.012104158e-01     3.310641014e-06     -8.727003178e-04
86.6666666699999979     3.805171779e+01     -5.523012528e-01     -6.541328210e-04     6.603905754e-01     -8.597353403e-03     4.299143712e-05     -4.700976640e-05     6.157028787e-01     1.050469640e-01     3.501395491e-06     -9.301598423e-04
90.0000000000000000     4.027913208e+01     -5.825258096e-01     -5.056279748e-04     6.760682821e-01     -8.763560583e-03     4.611147061e-05     -3.506677694e-05     6.124975771e-01     1.088490155e-01     3.664398182e-06     -9.930210779e-04
93.3333333300000021     4.255844440e+01     -6.129757159e-01     -3.468859687e-04     6.915267632e-01     -8.924663682e-03     4.913373308e-05     -2.262862101e-05     6.090661118e-01     1.126149199e-01     3.798495373e-06     -1.065858110e-03
96.6666666699999979     4.488890454e+01     -6.435942382e-01     -1.782353291e-04     7.067540919e-01     -9.080599248e-03     5.205665066e-05     -9.793481414e-06     6.053615948e-01     1.163432020e-01     3.902588382e-06     -1.156852122e-03
100.0000000000000000     4.726976638e+01     -6.743246807e-01     0.000000000e+00     7.217646428e-01     -9.231696941e-03     5.488454866e-05     0.000000000e+00     6.024201667e-01     1.200184711e-01     1.973500465e-06     -6.080047417e-04
